439,297,1
709,259,1
360,586,1
599,610,1
456,151,1
393,519,1
58,564,1
764,156,1
606,448,1
313,421,1
44,281,1
294,487,1
126,5,1
564,457,1
387,498,1
183,548,1
713,720,1
56,761,1
174,460,1
322,218,1
416,318,1
426,729,1
161,589,1
638,516,1
493,360,1
412,396,1
515,754,1
610,454,1
95,121,1
145,81,1
240,690,1
187,255,1
688,547,1
460,418,1
151,377,1
114,540,1
222,602,1
190,258,1
331,335,1
279,233,1
198,366,1
743,37,1
749,218,1
711,713,1
439,217,1
181,246,1
240,556,1
597,747,1
478,148,1
107,54,1
51,450,1
505,403,1
566,373,1
487,407,1
388,485,1
54,234,1
587,764,1
484,689,1
543,549,1
78,132,1
125,185,1
626,182,1
54,720,1
552,514,1
491,581,1
748,199,1
510,648,1
27,41,1
639,367,1
527,532,1
653,327,1
119,204,1
501,613,1
638,414,1
391,415,1
591,453,1
315,217,1
308,323,1
727,137,1
609,622,1
686,727,1
764,679,1
598,366,1
375,355,1
208,346,1
470,553,1
122,502,-1
174,655,-1
109,627,-1
676,32,-1
0,29,-1
533,445,-1
149,2,-1
422,227,-1
509,22,-1
486,284,-1
706,460,-1
373,667,-1
30,296,-1
648,639,-1
561,335,-1
343,435,-1
680,647,-1
243,499,-1
370,500,-1
371,26,-1
719,494,-1
255,240,-1
562,569,-1
729,143,-1
73,207,-1
534,309,-1
190,23,-1
56,118,-1
466,111,-1
499,264,-1
59,116,-1
264,466,-1
165,607,-1
443,660,-1
250,560,-1
352,19,-1
670,296,-1
264,745,-1
9,531,-1
565,542,-1
708,182,-1
699,369,-1
131,639,-1
252,284,-1
736,480,-1
579,223,-1
693,488,-1
662,5,-1
746,351,-1
171,313,-1
86,400,-1
0,500,-1
394,529,-1
360,688,-1
742,510,-1
488,603,-1
52,719,-1
448,528,-1
49,369,-1
291,697,-1
414,438,-1
660,186,-1
7,506,-1
691,583,-1
10,130,-1
487,647,-1
553,360,-1
