348,240,1
501,46,1
56,230,1
763,413,1
534,573,1
762,682,1
760,497,1
629,403,1
347,688,1
417,209,1
733,224,1
472,682,1
477,624,1
234,526,1
632,203,1
12,669,1
696,64,1
395,161,1
486,469,1
631,656,1
137,467,1
720,727,1
49,752,1
443,510,1
58,463,1
492,102,1
182,204,1
434,469,1
296,266,1
245,243,1
355,22,1
640,513,1
440,326,1
144,225,1
751,536,1
536,465,1
403,135,1
507,33,1
1,698,1
108,226,1
371,656,1
205,599,1
247,226,1
382,399,-1
638,500,-1
125,434,-1
577,354,-1
436,366,-1
571,659,-1
296,169,-1
241,306,-1
238,290,-1
187,144,-1
274,722,-1
214,420,-1
129,599,-1
739,374,-1
275,722,-1
312,253,-1
360,350,-1
653,332,-1
417,395,-1
717,22,-1
733,66,-1
575,48,-1
52,739,-1
186,190,-1
388,472,-1
261,358,-1
552,0,-1
388,685,-1
328,623,-1
290,291,-1
219,470,-1
455,573,-1
626,296,-1
