174,27,1
599,527,1
456,653,1
676,391,1
44,742,1
294,591,1
126,488,1
564,315,1
387,308,1
533,727,1
149,609,1
713,686,1
422,49,1
509,764,1
56,414,1
706,598,1
373,660,1
30,208,1
561,691,1
343,487,1
416,553,1
680,470,1
243,502,1
161,297,1
638,259,1
493,586,1
412,610,1
371,564,1
610,627,1
562,32,1
145,281,1
240,487,1
729,5,1
73,457,1
187,498,1
688,29,1
460,548,1
114,2,1
222,720,1
279,460,1
198,667,1
743,296,1
711,335,1
181,318,1
240,499,1
597,729,1
478,589,1
51,396,1
264,754,1
505,500,1
165,26,1
250,454,1
566,121,1
487,240,1
670,81,1
264,255,1
543,418,1
9,540,1
699,335,1
54,118,1
748,264,1
122,746,-1
439,171,-1
709,86,-1
360,639,-1
393,0,-1
58,394,-1
764,360,-1
109,119,-1
606,501,-1
313,638,-1
0,52,-1
183,448,-1
486,291,-1
174,375,-1
648,7,-1
322,10,-1
426,655,-1
515,151,-1
370,519,-1
719,156,-1
95,448,-1
255,421,-1
151,445,-1
534,227,-1
190,22,-1
190,284,-1
331,761,-1
56,460,-1
749,639,-1
466,218,-1
439,435,-1
499,647,-1
59,516,-1
107,360,-1
443,494,-1
352,569,-1
388,690,-1
54,143,-1
587,207,-1
484,547,-1
78,377,-1
125,602,-1
565,309,-1
708,258,-1
626,23,-1
131,233,-1
552,366,-1
252,37,-1
736,218,-1
579,713,-1
491,111,-1
693,217,-1
662,246,-1
510,556,-1
