559,607,1
629,410,1
763,248,1
707,180,1
359,323,1
277,139,1
754,598,1
599,461,1
600,528,1
551,464,1
87,117,1
677,673,1
537,228,1
709,326,1
431,469,1
448,287,1
177,696,1
755,152,1
147,41,1
423,274,1
288,552,1
265,438,1
639,166,1
244,735,1
510,24,1
459,67,1
183,234,1
128,291,1
53,701,1
488,727,1
756,555,1
273,32,1
617,212,1
42,138,1
442,694,1
543,421,1
257,637,1
57,623,1
430,217,1
91,307,1
398,174,1
203,393,1
324,73,1
47,297,1
131,394,1
143,429,1
719,61,1
373,341,1
581,33,1
169,645,1
95,36,1
610,136,1
383,368,1
555,347,1
383,168,1
699,537,1
130,323,1
377,508,1
574,29,1
123,289,1
594,146,1
562,509,1
411,514,1
41,69,1
705,556,1
36,765,1
307,341,1
80,423,1
32,551,1
128,414,1
275,657,1
174,710,1
554,274,1
184,83,1
589,174,1
286,405,1
515,480,1
94,329,1
269,209,1
684,19,-1
192,450,-1
9,260,-1
723,749,-1
70,621,-1
472,696,-1
396,152,-1
314,149,-1
705,110,-1
486,25,-1
174,445,-1
600,595,-1
72,507,-1
115,763,-1
755,121,-1
99,525,-1
659,591,-1
697,207,-1
544,111,-1
543,349,-1
714,129,-1
151,216,-1
675,381,-1
28,716,-1
128,726,-1
550,709,-1
335,11,-1
388,616,-1
321,668,-1
291,488,-1
119,539,-1
82,663,-1
611,148,-1
565,541,-1
633,579,-1
84,547,-1
639,730,-1
180,539,-1
660,199,-1
227,423,-1
560,44,-1
305,88,-1
675,232,-1
448,767,-1
197,459,-1
606,290,-1
256,197,-1
690,254,-1
292,80,-1
387,446,-1
554,189,-1
368,129,-1
201,209,-1
512,291,-1
370,376,-1
23,176,-1
98,114,-1
734,753,-1
739,273,-1
148,221,-1
209,340,-1
58,357,-1
86,322,-1
43,623,-1
11,91,-1
182,662,-1
371,43,-1
444,433,-1
488,93,-1
280,201,-1
637,498,-1
226,540,-1
296,617,-1
328,575,-1
