348,625,1
501,596,1
577,545,1
534,121,1
762,473,1
241,263,1
760,305,1
629,248,1
417,375,1
472,737,1
477,285,1
234,698,1
632,290,1
12,142,1
214,435,1
395,738,1
275,508,1
486,637,1
631,710,1
720,117,1
312,303,1
360,540,1
653,381,1
733,522,1
182,633,1
575,405,1
296,154,1
52,85,1
640,348,1
144,201,1
751,605,1
261,306,1
403,320,1
552,183,1
507,430,1
328,642,1
1,59,1
108,263,1
205,457,1
247,272,1
626,688,1
240,239,1
500,528,1
230,539,1
413,262,1
354,557,1
573,222,1
366,8,1
169,718,1
682,208,1
497,142,1
403,596,1
688,587,1
290,315,1
144,680,1
682,278,1
624,5,1
203,407,1
722,746,1
599,133,1
161,438,1
722,22,1
469,629,1
656,620,1
467,711,1
727,524,1
253,104,1
332,484,1
510,709,1
463,643,1
102,92,1
204,547,1
469,144,1
22,78,1
739,663,1
326,386,1
225,156,1
472,305,1
536,447,1
358,401,1
465,377,1
135,710,1
685,725,1
698,263,1
470,654,1
226,508,1
656,157,1
599,465,1
226,497,1
296,400,1
555,1,1
382,696,-1
638,274,-1
56,714,-1
763,43,-1
125,136,-1
436,43,-1
571,19,-1
296,305,-1
347,298,-1
733,338,-1
238,483,-1
187,67,-1
274,523,-1
696,29,-1
129,353,-1
739,477,-1
137,619,-1
49,746,-1
443,725,-1
58,417,-1
417,547,-1
717,598,-1
492,125,-1
434,642,-1
245,153,-1
355,703,-1
186,158,-1
440,82,-1
388,168,-1
536,177,-1
388,202,-1
290,676,-1
219,79,-1
371,419,-1
455,241,-1
399,553,-1
46,515,-1
434,468,-1
659,585,-1
306,333,-1
209,208,-1
224,115,-1
526,154,-1
669,541,-1
420,646,-1
64,118,-1
374,245,-1
752,198,-1
350,695,-1
395,319,-1
22,694,-1
66,736,-1
48,434,-1
266,652,-1
243,710,-1
190,664,-1
513,179,-1
0,680,-1
33,339,-1
623,291,-1
291,491,-1
573,683,-1
