684,574,1
559,734,1
629,123,1
707,148,1
359,209,1
723,411,1
277,41,1
599,705,1
472,86,1
705,80,1
486,32,1
551,182,1
174,275,1
600,174,1
677,554,1
537,371,1
115,444,1
431,286,1
448,280,1
177,515,1
697,607,1
639,410,1
544,450,1
543,248,1
714,180,1
151,260,1
675,749,1
183,461,1
28,621,1
128,696,1
53,152,1
550,149,1
273,464,1
335,117,1
388,445,1
42,673,1
442,228,1
543,507,1
257,763,1
430,525,1
398,591,1
565,274,1
633,552,1
324,166,1
131,129,1
180,735,1
143,216,1
660,381,1
227,24,1
373,234,1
560,716,1
581,726,1
675,709,1
95,555,1
606,11,1
256,616,1
690,212,1
610,421,1
554,637,1
368,668,1
201,623,1
383,488,1
383,307,1
699,148,1
130,541,1
98,547,1
192,594,-1
763,739,-1
9,562,-1
754,58,-1
70,36,-1
600,43,-1
396,11,-1
314,307,-1
87,128,-1
72,184,-1
755,488,-1
709,589,-1
99,637,-1
755,94,-1
659,226,-1
147,269,-1
423,296,-1
288,328,-1
265,19,-1
244,323,-1
510,139,-1
459,598,-1
128,528,-1
488,110,-1
756,25,-1
617,595,-1
321,121,-1
57,326,-1
291,469,-1
119,287,-1
82,696,-1
91,152,-1
611,41,-1
84,438,-1
203,207,-1
47,111,-1
639,349,-1
719,67,-1
305,291,-1
169,701,-1
448,727,-1
197,32,-1
292,138,-1
387,694,-1
512,539,-1
370,217,-1
555,663,-1
23,174,-1
377,579,-1
