206,31,1
73,398,1
8,175,1
624,528,1
519,474,1
204,44,1
437,677,1
80,94,1
27,459,1
44,745,1
205,180,1
715,722,1
65,700,1
431,29,1
542,216,1
86,632,1
637,225,1
254,719,1
377,547,1
41,511,1
210,672,1
103,210,1
539,308,1
105,372,1
147,260,1
274,82,1
245,243,1
135,36,1
364,169,1
670,160,1
190,543,1
491,271,1
380,534,1
183,393,1
603,606,1
78,270,1
391,378,1
265,136,1
550,633,1
389,660,1
685,202,1
699,200,1
397,655,1
744,547,1
701,32,-1
118,332,-1
400,172,-1
740,94,-1
743,135,-1
411,214,-1
670,64,-1
720,264,-1
113,638,-1
146,476,-1
649,276,-1
362,177,-1
446,584,-1
144,13,-1
5,220,-1
110,507,-1
676,751,-1
691,146,-1
324,337,-1
294,22,-1
621,276,-1
449,70,-1
387,63,-1
729,706,-1
528,569,-1
94,659,-1
14,520,-1
144,455,-1
418,712,-1
408,672,-1
374,110,-1
235,453,-1
