168,21,1
534,509,1
299,348,1
466,51,1
75,97,1
360,8,1
674,86,1
607,367,1
587,651,1
47,63,1
679,122,1
102,421,1
51,313,1
359,415,1
550,290,1
545,298,1
708,45,1
454,149,1
351,420,1
121,487,1
31,339,1
450,36,1
50,392,1
561,115,1
648,195,1
434,79,1
506,261,1
271,133,1
493,357,1
760,390,1
585,44,1
697,517,1
366,709,1
764,410,1
446,613,1
83,153,1
555,548,1
316,87,1
649,358,1
758,583,1
86,96,1
454,497,1
385,208,1
324,422,1
81,253,1
474,233,1
299,63,1
741,104,1
736,764,1
528,634,1
477,500,1
59,668,1
655,676,1
461,210,1
187,586,1
762,446,1
574,422,1
442,127,1
75,594,1
201,442,1
647,283,1
433,698,1
750,303,1
49,610,1
364,403,1
46,81,1
491,729,1
607,368,1
570,229,1
527,746,-1
493,703,-1
584,211,-1
263,619,-1
433,88,-1
725,709,-1
287,135,-1
730,336,-1
404,361,-1
124,348,-1
628,207,-1
195,657,-1
570,560,-1
255,548,-1
323,534,-1
325,19,-1
88,95,-1
302,9,-1
211,754,-1
592,358,-1
564,19,-1
238,184,-1
132,380,-1
730,718,-1
319,49,-1
207,51,-1
493,278,-1
745,722,-1
392,349,-1
759,140,-1
401,220,-1
506,625,-1
474,339,-1
96,125,-1
538,655,-1
498,725,-1
588,274,-1
766,605,-1
138,270,-1
34,64,-1
19,82,-1
56,79,-1
466,404,-1
680,408,-1
61,697,-1
454,753,-1
125,341,-1
485,105,-1
609,676,-1
218,723,-1
483,516,-1
635,507,-1
661,767,-1
43,623,-1
720,39,-1
424,190,-1
326,85,-1
714,301,-1
670,337,-1
26,92,-1
751,603,-1
148,243,-1
406,362,-1
689,282,-1
767,237,-1
539,33,-1
0,57,-1
424,736,-1
245,469,-1
604,531,-1
63,693,-1
622,8,-1
562,11,-1
761,627,-1
207,144,-1
219,260,-1
224,332,-1
487,189,-1
296,105,-1
590,201,-1
478,187,-1
622,8,-1
405,264,-1
482,611,-1
