122,240,1
174,597,1
439,478,1
599,51,1
393,505,1
313,487,1
44,670,1
126,54,1
564,587,1
387,264,1
0,484,1
183,543,1
422,565,1
486,626,1
706,131,1
174,54,1
373,552,1
30,252,1
561,579,1
243,510,1
161,27,1
638,171,1
412,639,1
719,394,1
95,119,1
240,742,1
729,591,1
73,488,1
460,52,1
222,609,1
534,686,1
190,49,1
190,764,1
56,598,1
198,375,1
711,7,1
439,10,1
181,487,1
499,553,1
709,59,-1
360,107,-1
456,264,-1
58,165,-1
764,443,-1
109,250,-1
606,566,-1
676,352,-1
294,388,-1
533,78,-1
149,9,-1
713,125,-1
509,708,-1
56,699,-1
648,736,-1
322,491,-1
343,693,-1
416,662,-1
680,748,-1
426,746,-1
493,86,-1
515,527,-1
370,653,-1
371,0,-1
610,360,-1
255,501,-1
562,638,-1
145,391,-1
187,315,-1
688,308,-1
151,448,-1
114,727,-1
331,291,-1
279,414,-1
743,660,-1
749,208,-1
466,691,-1
