37,569,1
767,210,1
144,10,1
390,660,1
281,416,1
178,140,1
276,193,1
254,606,1
398,492,1
215,266,1
503,489,1
478,470,1
393,327,1
7,176,1
313,401,1
316,20,1
209,630,1
653,626,1
627,609,1
633,10,1
456,96,1
454,729,1
497,505,1
43,25,1
336,212,1
621,628,1
466,717,1
15,696,1
196,137,1
738,325,1
471,420,1
282,760,1
665,21,1
155,424,1
313,462,1
166,656,1
288,557,1
751,384,1
87,413,1
348,547,1
695,48,1
253,668,1
461,55,1
454,28,1
514,222,1
149,136,1
715,109,1
77,32,1
75,596,1
532,169,1
548,211,1
235,752,-1
72,508,-1
715,96,-1
645,269,-1
129,279,-1
583,152,-1
749,714,-1
508,476,-1
357,572,-1
468,489,-1
252,152,-1
490,338,-1
668,130,-1
562,732,-1
580,615,-1
753,694,-1
86,198,-1
141,706,-1
319,566,-1
534,15,-1
513,170,-1
264,278,-1
728,485,-1
431,693,-1
542,183,-1
71,317,-1
387,568,-1
561,405,-1
313,231,-1
515,96,-1
588,497,-1
26,141,-1
297,646,-1
64,536,-1
25,450,-1
367,199,-1
616,296,-1
22,77,-1
707,219,-1
126,689,-1
279,369,-1
381,303,-1
356,461,-1
595,557,-1
648,234,-1
418,451,-1
279,322,-1
655,302,-1
243,63,-1
586,477,-1
190,545,-1
302,642,-1
728,468,-1
151,595,-1
321,288,-1
369,253,-1
564,722,-1
469,287,-1
588,330,-1
263,611,-1
712,520,-1
332,562,-1
43,591,-1
542,620,-1
