235,485,1
767,609,1
715,693,1
645,10,1
144,96,1
508,729,1
390,405,1
178,96,1
254,25,1
252,212,1
490,628,1
398,717,1
478,325,1
86,420,1
141,760,1
393,21,1
264,424,1
728,462,1
653,557,1
627,656,1
431,234,1
633,557,1
542,322,1
71,302,1
454,413,1
313,547,1
43,642,1
588,468,1
26,595,1
621,288,1
297,253,1
466,668,1
64,722,1
367,222,1
738,330,1
471,136,1
616,32,1
707,596,1
126,562,1
279,591,1
381,169,1
166,44,1
288,670,1
418,475,1
279,499,1
586,739,1
302,431,1
321,100,1
369,740,1
461,723,1
564,229,1
454,166,1
514,687,1
588,231,1
149,79,1
263,87,1
77,416,1
532,670,1
548,324,1
569,188,1
752,500,1
210,145,1
96,167,1
10,465,1
279,668,1
152,662,1
476,458,1
660,717,1
140,665,1
193,230,1
489,690,1
152,300,1
492,256,1
615,503,1
694,624,1
470,51,1
327,324,1
176,407,1
401,533,1
20,380,1
630,131,1
37,278,-1
72,626,-1
129,183,-1
583,317,-1
749,568,-1
281,231,-1
276,505,-1
357,497,-1
468,141,-1
668,646,-1
562,696,-1
580,536,-1
215,137,-1
753,450,-1
503,199,-1
7,296,-1
319,77,-1
534,219,-1
313,689,-1
513,369,-1
316,303,-1
209,461,-1
456,451,-1
387,384,-1
561,63,-1
515,477,-1
497,545,-1
336,48,-1
15,55,-1
196,287,-1
25,28,-1
282,109,-1
665,611,-1
22,520,-1
356,620,-1
155,211,-1
313,24,-1
595,113,-1
648,271,-1
655,251,-1
751,666,-1
87,235,-1
243,86,-1
348,391,-1
190,53,-1
728,444,-1
151,755,-1
695,290,-1
253,451,-1
469,606,-1
715,575,-1
712,714,-1
75,706,-1
332,728,-1
43,738,-1
542,657,-1
508,206,-1
269,163,-1
714,681,-1
416,326,-1
606,240,-1
572,48,-1
338,617,-1
130,182,-1
732,342,-1
266,275,-1
489,732,-1
198,138,-1
706,123,-1
566,270,-1
15,703,-1
170,174,-1
