227,424,1
335,632,1
362,234,1
318,76,1
513,684,1
333,313,1
697,204,1
26,750,1
495,151,1
324,549,1
264,619,1
130,638,1
204,289,1
31,485,1
450,474,1
637,563,1
410,327,1
473,491,1
626,335,1
485,355,1
433,57,1
485,120,1
62,352,1
194,599,1
322,415,1
147,483,1
597,547,1
284,270,1
555,532,1
306,541,1
538,697,1
119,456,1
730,611,1
63,18,1
341,97,1
82,600,1
553,672,1
123,246,1
536,656,1
548,104,1
75,89,1
68,685,1
251,108,1
129,370,1
101,475,1
554,272,1
552,68,1
77,738,1
585,479,1
665,559,1
149,526,1
460,380,1
580,754,1
157,320,1
654,347,1
3,258,1
36,295,1
458,170,1
698,149,1
466,191,1
633,698,1
306,706,1
284,99,1
567,297,1
494,62,1
575,703,1
172,688,1
657,639,1
519,538,1
469,423,1
713,216,-1
618,77,-1
365,39,-1
281,301,-1
75,120,-1
161,406,-1
748,688,-1
622,731,-1
527,455,-1
342,451,-1
197,295,-1
644,611,-1
592,380,-1
127,45,-1
319,144,-1
636,749,-1
57,125,-1
326,102,-1
234,702,-1
129,726,-1
42,369,-1
545,184,-1
197,677,-1
303,713,-1
125,641,-1
70,449,-1
9,537,-1
124,677,-1
193,194,-1
322,268,-1
746,94,-1
673,64,-1
233,236,-1
60,598,-1
206,294,-1
762,9,-1
404,285,-1
358,254,-1
710,24,-1
623,731,-1
475,546,-1
604,36,-1
213,494,-1
603,389,-1
740,726,-1
