559,203,1
629,324,1
763,639,1
9,143,1
723,660,1
754,719,1
599,373,1
70,560,1
472,305,1
600,581,1
396,169,1
314,675,1
486,95,1
174,256,1
600,690,1
431,383,1
99,370,1
659,23,1
147,699,1
288,377,1
265,98,1
697,574,1
639,734,1
544,123,1
543,594,1
244,148,1
459,41,1
183,58,1
28,705,1
53,43,1
488,307,1
756,80,1
273,32,1
335,182,1
388,128,1
617,275,1
42,174,1
442,554,1
543,371,1
257,184,1
321,444,1
57,488,1
119,286,1
82,637,1
398,94,1
684,84,-1
192,47,-1
707,131,-1
359,180,-1
277,227,-1
705,448,-1
551,197,-1
87,606,-1
677,292,-1
537,387,-1
72,610,-1
115,554,-1
755,368,-1
709,201,-1
448,512,-1
177,555,-1
755,383,-1
423,130,-1
714,739,-1
151,209,-1
675,562,-1
510,411,-1
128,36,-1
128,86,-1
550,11,-1
291,589,-1
430,280,-1
91,515,-1
611,226,-1
565,269,-1
633,296,-1
