361,118,1
136,756,1
360,695,1
703,105,1
85,98,1
115,215,1
667,664,1
349,659,1
354,483,1
315,75,1
530,267,1
563,679,1
410,570,1
9,375,1
741,380,1
381,555,1
494,527,1
81,28,1
476,611,1
347,169,1
491,144,1
31,493,1
20,454,1
533,519,1
28,150,1
2,561,1
217,700,1
293,280,1
363,152,1
450,463,1
466,297,1
310,205,1
423,572,1
646,2,1
351,140,1
160,354,1
7,7,1
393,54,1
742,10,1
426,624,1
304,434,1
528,271,1
451,112,-1
340,206,-1
133,761,-1
48,248,-1
458,226,-1
620,6,-1
269,767,-1
61,412,-1
143,645,-1
270,174,-1
102,220,-1
349,456,-1
440,473,-1
170,147,-1
322,381,-1
575,586,-1
598,161,-1
685,702,-1
712,418,-1
735,716,-1
559,476,-1
394,341,-1
422,419,-1
199,669,-1
548,748,-1
123,192,-1
376,560,-1
614,184,-1
603,423,-1
550,14,-1
634,642,-1
46,541,-1
382,199,-1
19,636,-1
