196,85,1
537,670,1
502,476,1
211,183,1
615,633,1
348,76,1
398,85,1
584,230,1
345,315,1
167,589,1
68,288,1
432,629,1
512,161,1
250,628,1
703,42,1
325,290,1
183,183,1
763,265,1
189,269,1
290,341,1
462,208,1
494,665,1
137,497,1
483,161,1
195,255,1
72,338,1
257,576,1
704,461,1
400,266,1
374,436,1
349,506,1
604,539,1
764,156,1
522,481,1
317,766,1
391,298,1
151,348,1
92,519,1
759,753,1
219,448,1
481,44,1
516,440,1
33,176,1
123,639,1
697,517,1
741,144,1
415,11,1
83,548,1
631,605,1
47,490,1
524,436,1
745,92,1
393,495,1
622,690,1
654,688,1
636,559,1
276,638,1
35,211,1
260,105,1
456,77,1
474,536,1
762,67,1
555,490,1
434,33,1
460,607,1
566,763,1
661,588,1
647,369,1
721,634,1
495,410,1
180,692,1
764,184,1
190,181,1
738,260,1
12,44,1
106,274,1
622,184,1
234,18,1
529,247,1
5,5,1
49,645,1
438,479,1
182,246,1
687,68,1
599,102,1
260,450,1
233,439,1
225,494,1
175,469,-1
579,247,-1
185,711,-1
535,698,-1
366,575,-1
554,400,-1
730,35,-1
391,727,-1
75,45,-1
6,475,-1
444,398,-1
44,45,-1
152,95,-1
112,230,-1
312,1,-1
201,287,-1
550,560,-1
583,8,-1
279,759,-1
745,612,-1
448,428,-1
224,143,-1
661,640,-1
356,210,-1
481,231,-1
579,688,-1
19,521,-1
286,427,-1
130,160,-1
402,69,-1
21,363,-1
579,49,-1
203,366,-1
349,735,-1
107,647,-1
309,461,-1
566,561,-1
215,416,-1
39,331,-1
131,68,-1
413,230,-1
648,637,-1
678,573,-1
373,78,-1
710,427,-1
44,400,-1
197,380,-1
100,520,-1
169,606,-1
29,719,-1
282,406,-1
726,546,-1
646,311,-1
488,276,-1
443,433,-1
497,661,-1
349,121,-1
486,406,-1
332,157,-1
617,400,-1
421,238,-1
661,717,-1
475,88,-1
588,91,-1
331,16,-1
