361,519,1
133,418,1
136,150,1
360,716,1
115,419,1
667,748,1
269,560,1
530,463,1
170,541,1
741,7,1
494,54,1
81,10,1
347,636,1
491,434,1
575,271,1
598,357,1
31,326,1
20,403,1
685,432,1
533,252,1
28,758,1
735,447,1
559,452,1
394,214,1
422,744,1
548,123,1
123,172,1
217,354,1
293,378,1
450,174,1
550,474,1
310,460,1
423,178,1
634,396,1
46,457,1
351,559,1
382,738,1
426,684,1
19,435,1
304,482,1
528,551,1
761,321,1
226,277,1
664,676,1
767,86,1
645,497,1
267,721,1
456,673,1
473,82,1
381,142,1
380,123,1
555,563,1
527,212,1
169,336,1
144,343,1
161,262,1
493,171,1
451,454,-1
340,702,-1
703,476,-1
48,341,-1
85,561,-1
458,669,-1
620,192,-1
61,700,-1
143,184,-1
349,423,-1
354,280,-1
315,152,-1
270,297,-1
102,14,-1
349,205,-1
440,572,-1
563,642,-1
410,2,-1
322,140,-1
9,354,-1
381,199,-1
476,624,-1
712,324,-1
2,121,-1
199,117,-1
376,560,-1
614,362,-1
603,613,-1
363,285,-1
466,6,-1
646,275,-1
160,220,-1
7,480,-1
393,448,-1
742,209,-1
112,588,-1
206,597,-1
118,417,-1
756,198,-1
695,744,-1
105,569,-1
248,748,-1
98,216,-1
215,416,-1
6,657,-1
412,128,-1
659,660,-1
483,261,-1
75,359,-1
174,270,-1
220,628,-1
679,339,-1
147,38,-1
570,399,-1
375,299,-1
28,618,-1
611,42,-1
586,112,-1
