451,326,1
340,403,1
361,432,1
133,252,1
136,324,1
703,447,1
620,123,1
61,560,1
354,613,1
530,285,1
563,178,1
410,457,1
494,738,1
476,209,1
347,684,1
575,482,1
31,588,1
20,597,1
712,198,1
28,744,1
394,216,1
422,277,1
199,676,1
548,657,1
123,86,1
217,497,1
603,261,1
293,359,1
466,628,1
550,673,1
310,82,1
351,299,1
160,123,1
7,563,1
382,212,1
742,42,1
426,336,1
304,112,1
528,262,1
206,425,1
761,648,1
248,466,1
98,717,1
226,229,1
645,62,1
659,237,1
483,21,1
75,489,1
267,42,1
174,405,1
679,241,1
147,212,1
381,113,1
380,605,1
555,513,1
28,29,1
144,94,1
161,733,1
493,291,1
519,34,1
476,88,1
341,362,1
419,187,1
560,88,1
700,705,1
205,602,1
572,636,1
354,396,1
199,406,1
54,594,1
10,582,1
434,452,1
357,759,1
360,758,-1
48,452,-1
85,214,-1
115,121,-1
458,744,-1
667,117,-1
269,172,-1
143,354,-1
349,362,-1
315,378,-1
270,174,-1
102,6,-1
349,474,-1
440,460,-1
170,396,-1
322,275,-1
9,559,-1
741,220,-1
381,480,-1
81,448,-1
491,435,-1
598,551,-1
685,417,-1
533,321,-1
735,569,-1
559,748,-1
2,416,-1
376,128,-1
614,660,-1
363,721,-1
450,270,-1
423,339,-1
634,38,-1
46,399,-1
646,142,-1
393,618,-1
19,343,-1
112,171,-1
118,23,-1
756,748,-1
695,454,-1
105,630,-1
215,385,-1
664,139,-1
6,77,-1
767,388,-1
412,26,-1
220,268,-1
456,730,-1
473,715,-1
570,242,-1
375,690,-1
527,132,-1
611,699,-1
169,386,-1
586,713,-1
454,301,-1
702,572,-1
418,484,-1
150,701,-1
716,672,-1
561,564,-1
669,356,-1
748,721,-1
192,137,-1
184,569,-1
423,357,-1
280,650,-1
152,75,-1
463,683,-1
297,110,-1
14,514,-1
642,102,-1
541,98,-1
2,316,-1
140,337,-1
7,115,-1
624,356,-1
636,761,-1
271,269,-1
