382,350,1
638,510,1
501,463,1
125,66,1
534,204,1
571,469,1
296,266,1
629,190,1
347,513,1
417,326,1
733,225,1
472,358,1
477,465,1
234,135,1
12,685,1
274,33,1
129,291,1
395,226,1
275,656,1
486,599,1
631,573,1
137,226,1
653,274,1
58,714,1
417,43,1
717,136,1
492,121,1
434,305,1
52,248,1
186,298,1
440,338,1
144,483,1
751,737,1
536,698,1
403,290,1
552,142,1
388,523,1
1,353,1
290,477,1
108,508,1
371,637,1
205,710,1
455,619,1
247,117,1
399,746,1
500,381,1
46,725,1
230,417,1
413,547,1
354,522,1
497,703,1
403,85,1
688,158,1
224,82,1
290,201,1
144,168,1
682,605,1
203,320,1
669,183,1
420,430,1
64,642,1
599,59,1
161,79,1
656,457,1
467,241,1
727,272,1
253,688,1
752,553,1
348,332,-1
56,395,-1
763,22,-1
577,102,-1
436,48,-1
762,243,-1
241,22,-1
760,739,-1
238,472,-1
187,536,-1
632,0,-1
214,623,-1
696,698,-1
739,470,-1
720,296,-1
312,555,-1
49,696,-1
360,625,-1
443,596,-1
733,545,-1
182,43,-1
575,19,-1
296,473,-1
245,263,-1
355,305,-1
640,375,-1
388,67,-1
261,285,-1
507,435,-1
328,29,-1
219,738,-1
626,303,-1
240,540,-1
434,598,-1
573,125,-1
366,633,-1
659,405,-1
169,642,-1
682,154,-1
306,153,-1
209,348,-1
624,306,-1
526,177,-1
722,202,-1
374,676,-1
722,263,-1
469,419,-1
