37,155,1
72,595,1
767,166,1
715,648,1
645,288,1
144,418,1
508,87,1
281,348,1
398,253,1
562,461,1
503,514,1
86,149,1
393,263,1
7,77,1
319,712,1
534,75,1
316,532,1
209,542,1
653,752,1
627,508,1
431,210,1
633,96,1
71,279,1
387,152,1
454,714,1
561,476,1
313,660,1
497,140,1
43,193,1
588,606,1
336,489,1
64,732,1
196,615,1
25,266,1
367,694,1
738,489,1
471,470,1
616,327,1
707,566,1
279,401,1
235,313,-1
129,279,-1
583,655,-1
749,751,-1
390,243,-1
178,586,-1
276,190,-1
254,302,-1
357,728,-1
468,151,-1
252,695,-1
490,321,-1
668,369,-1
580,564,-1
215,469,-1
753,454,-1
478,588,-1
141,715,-1
313,332,-1
513,43,-1
264,548,-1
728,569,-1
456,269,-1
542,10,-1
515,416,-1
26,572,-1
621,152,-1
297,338,-1
466,130,-1
15,492,-1
282,198,-1
665,706,-1
22,176,-1
126,15,-1
381,170,-1
356,20,-1
