211,29,1
615,282,1
348,764,1
398,726,1
167,622,1
68,497,1
512,234,1
75,529,1
250,5,1
703,617,1
325,182,1
183,421,1
112,599,1
290,475,1
312,588,1
201,233,1
462,331,1
550,225,1
494,469,1
137,85,1
483,670,1
195,476,1
257,183,1
704,633,1
374,711,1
583,315,1
279,575,1
745,35,1
151,727,1
92,161,1
759,45,1
224,628,1
481,95,1
516,230,1
33,265,1
286,341,1
697,1,1
130,560,1
83,665,1
21,161,1
579,338,1
203,576,1
47,461,1
393,156,1
636,481,1
276,612,1
456,348,1
474,519,1
555,640,1
131,448,1
413,44,1
460,521,1
648,440,1
566,176,1
710,517,1
721,548,1
175,495,-1
196,197,-1
537,100,-1
502,180,-1
579,169,-1
185,190,-1
535,738,-1
584,12,-1
345,646,-1
366,488,-1
554,443,-1
730,106,-1
432,349,-1
391,486,-1
6,49,-1
444,438,-1
44,332,-1
152,687,-1
763,661,-1
189,260,-1
72,247,-1
400,76,-1
349,85,-1
604,698,-1
764,230,-1
522,400,-1
448,589,-1
317,288,-1
391,629,-1
661,475,-1
356,398,-1
481,45,-1
579,42,-1
219,290,-1
19,183,-1
123,269,-1
741,287,-1
415,208,-1
402,497,-1
631,255,-1
524,266,-1
349,436,-1
107,506,-1
745,539,-1
622,8,-1
654,759,-1
309,428,-1
35,766,-1
260,298,-1
762,753,-1
566,143,-1
215,210,-1
434,231,-1
39,688,-1
678,639,-1
373,427,-1
661,144,-1
44,11,-1
647,160,-1
