713,585,1
227,193,1
618,322,1
365,665,1
335,149,1
362,460,1
513,157,1
75,654,1
333,3,1
697,673,1
495,233,1
161,60,1
748,206,1
324,762,1
130,404,1
204,358,1
450,633,1
637,710,1
527,623,1
473,475,1
626,567,1
485,604,1
644,575,1
62,657,1
592,603,1
194,519,1
127,469,1
322,740,1
319,216,1
597,77,1
555,234,1
57,76,1
306,301,1
538,684,1
234,204,1
730,750,1
63,151,1
553,549,1
42,289,1
75,474,1
68,327,1
197,455,1
125,451,1
251,335,1
129,355,1
124,611,1
554,352,1
552,380,1
77,599,1
318,746,-1
281,580,-1
26,36,-1
622,458,-1
264,698,-1
31,466,-1
410,306,-1
342,284,-1
197,494,-1
433,213,-1
485,172,-1
147,424,-1
636,39,-1
284,632,-1
119,120,-1
326,313,-1
341,406,-1
129,688,-1
82,731,-1
123,619,-1
536,638,-1
548,485,-1
545,563,-1
303,491,-1
70,295,-1
9,57,-1
101,120,-1
