701,171,1
400,130,1
73,497,1
624,257,1
670,690,1
519,531,1
204,566,1
113,704,1
437,77,1
80,585,1
27,265,1
44,320,1
205,616,1
65,167,1
86,465,1
637,91,1
146,548,1
254,114,1
377,87,1
649,69,1
362,252,1
41,290,1
446,30,1
210,589,1
103,609,1
144,29,1
5,82,1
147,74,1
274,453,1
135,181,1
364,403,1
621,430,1
491,597,1
380,217,1
449,758,1
528,142,1
14,287,1
265,173,1
550,645,1
144,410,1
389,211,1
685,459,1
699,547,1
397,535,1
374,95,1
235,2,1
744,566,1
31,678,1
398,380,1
175,375,1
94,549,1
135,1,1
214,414,1
528,91,1
474,251,1
44,263,1
638,291,1
677,765,1
94,393,1
459,263,1
745,473,1
180,487,1
29,102,1
216,14,1
547,112,1
511,229,1
751,158,1
146,307,1
308,61,1
372,74,1
82,137,1
243,238,1
36,758,1
169,671,1
160,617,1
543,80,1
534,428,1
63,527,1
706,209,1
378,227,1
569,185,1
633,92,1
202,113,1
200,410,1
672,94,1
110,221,1
547,738,1
702,185,1
206,491,-1
118,100,-1
8,705,-1
740,685,-1
743,727,-1
411,255,-1
720,598,-1
715,407,-1
431,708,-1
542,751,-1
110,20,-1
676,233,-1
691,640,-1
539,625,-1
324,206,-1
294,435,-1
105,414,-1
245,335,-1
670,154,-1
190,761,-1
183,569,-1
387,229,-1
603,401,-1
78,113,-1
729,192,-1
391,412,-1
94,192,-1
418,284,-1
408,496,-1
32,402,-1
332,367,-1
172,192,-1
64,671,-1
264,605,-1
722,566,-1
700,415,-1
632,516,-1
225,618,-1
476,725,-1
719,202,-1
276,721,-1
177,380,-1
584,67,-1
672,719,-1
210,17,-1
13,471,-1
220,752,-1
507,523,-1
337,340,-1
22,180,-1
260,25,-1
276,551,-1
271,314,-1
70,508,-1
393,231,-1
606,607,-1
270,333,-1
659,558,-1
520,19,-1
136,301,-1
455,83,-1
660,435,-1
712,725,-1
655,670,-1
453,114,-1
