168,34,1
527,316,1
534,86,1
299,454,1
263,385,1
674,324,1
433,680,1
607,81,1
725,454,1
287,485,1
628,741,1
102,736,1
51,528,1
359,635,1
545,43,1
570,477,1
323,424,1
454,670,1
351,461,1
121,751,1
592,187,1
50,767,1
132,539,1
730,0,1
207,424,1
648,245,1
271,622,1
745,562,1
506,219,1
697,224,1
764,49,1
446,364,1
83,46,1
96,491,1
538,478,1
138,570,1
493,649,-1
584,758,-1
466,19,-1
75,56,-1
360,466,-1
587,61,-1
47,125,-1
730,609,-1
404,474,-1
124,299,-1
679,218,-1
195,483,-1
550,661,-1
255,720,-1
325,326,-1
88,714,-1
708,59,-1
302,655,-1
211,26,-1
31,148,-1
450,406,-1
564,689,-1
238,762,-1
319,574,-1
561,442,-1
434,604,-1
493,63,-1
506,75,-1
493,201,-1
392,647,-1
759,433,-1
401,761,-1
760,207,-1
585,750,-1
366,487,-1
474,296,-1
555,590,-1
498,622,-1
588,607,-1
766,405,-1
