249,744,1
643,684,1
256,176,1
714,496,1
681,484,1
119,497,1
422,277,1
660,616,1
605,295,1
423,285,1
398,160,1
504,688,1
474,495,1
316,728,1
641,311,1
581,267,1
622,212,1
609,368,1
413,720,1
152,300,1
507,44,1
519,275,1
171,120,1
379,679,1
335,178,1
176,35,1
20,173,1
561,242,1
405,52,1
383,257,1
500,727,1
566,148,1
677,441,1
184,481,1
765,252,1
545,309,1
1,520,1
731,100,1
672,690,1
274,60,1
183,133,1
223,212,1
141,503,1
421,489,1
414,618,1
560,337,1
497,141,1
664,36,-1
659,182,-1
650,603,-1
480,625,-1
538,9,-1
337,33,-1
662,503,-1
258,444,-1
618,76,-1
545,738,-1
718,2,-1
540,483,-1
0,62,-1
704,22,-1
274,476,-1
372,647,-1
165,544,-1
686,604,-1
113,363,-1
117,664,-1
747,588,-1
611,531,-1
511,26,-1
289,9,-1
308,544,-1
508,510,-1
754,44,-1
2,583,-1
156,292,-1
