643,727,1
256,483,1
714,62,1
681,22,1
422,441,1
660,544,1
605,252,1
538,520,1
337,664,1
641,690,1
581,60,1
622,133,1
609,212,1
413,503,1
152,618,1
335,44,1
176,583,1
405,508,1
500,148,1
566,172,1
704,657,1
274,372,1
372,32,1
765,32,1
686,471,1
113,380,1
1,341,1
117,307,1
747,90,1
611,207,1
511,758,1
672,489,1
274,764,1
421,607,1
289,297,1
308,13,1
497,608,1
508,728,1
36,234,1
684,725,1
182,343,1
497,622,1
625,35,1
160,217,1
688,34,1
33,601,1
495,504,1
503,473,1
728,597,1
267,94,1
212,685,1
368,226,1
720,149,1
76,162,1
738,734,1
679,670,1
173,167,1
242,245,1
664,257,-1
249,2,-1
659,148,-1
650,476,-1
119,647,-1
480,481,-1
423,604,-1
398,309,-1
504,363,-1
474,588,-1
662,531,-1
258,100,-1
316,26,-1
618,489,-1
507,337,-1
519,9,-1
171,544,-1
545,141,-1
379,510,-1
20,292,-1
561,200,-1
383,26,-1
718,408,-1
540,62,-1
0,670,-1
677,693,-1
184,598,-1
165,551,-1
545,344,-1
731,348,-1
183,17,-1
223,435,-1
141,13,-1
414,734,-1
560,63,-1
754,60,-1
2,420,-1
156,695,-1
744,696,-1
176,198,-1
496,476,-1
484,12,-1
603,367,-1
277,394,-1
616,213,-1
295,220,-1
285,72,-1
9,267,-1
444,699,-1
311,221,-1
300,762,-1
44,750,-1
275,541,-1
120,426,-1
178,332,-1
35,502,-1
52,231,-1
