168,148,1
493,187,1
584,689,1
534,762,1
299,767,1
674,442,1
587,63,1
725,75,1
47,622,1
404,647,1
195,219,1
51,224,1
550,49,1
545,296,1
570,364,1
302,607,1
454,405,1
351,570,1
211,482,1
121,21,1
31,746,1
450,703,1
564,509,1
50,51,1
730,8,1
319,619,1
561,88,1
434,651,1
493,709,1
271,135,1
745,336,1
392,348,1
759,207,1
401,122,1
760,657,1
585,313,1
446,548,1
83,534,1
555,95,1
498,9,1
34,487,1
649,36,1
758,358,1
454,184,1
466,718,1
385,49,1
324,51,1
454,278,1
125,261,1
741,140,1
218,220,1
483,390,1
736,625,1
528,44,1
661,709,1
720,613,1
326,125,1
714,548,1
670,274,1
461,605,1
26,270,1
527,406,-1
466,539,-1
75,0,-1
360,574,-1
263,424,-1
433,245,-1
607,604,-1
287,562,-1
730,201,-1
124,433,-1
628,761,-1
679,207,-1
102,750,-1
359,487,-1
255,46,-1
323,491,-1
325,590,-1
88,478,-1
708,622,-1
592,211,-1
238,348,-1
132,97,-1
207,86,-1
648,367,-1
506,63,-1
493,361,-1
506,421,-1
697,415,-1
366,290,-1
764,298,-1
474,560,-1
96,19,-1
538,45,-1
588,149,-1
766,420,-1
138,754,-1
316,339,-1
86,19,-1
19,392,-1
56,380,-1
680,115,-1
81,195,-1
61,79,-1
485,133,-1
609,722,-1
474,357,-1
299,349,-1
635,517,-1
43,410,-1
477,339,-1
424,153,-1
59,655,-1
655,725,-1
751,64,-1
