537,21,1
579,579,1
211,203,1
615,47,1
348,524,1
185,349,1
398,107,1
345,622,1
554,636,1
730,276,1
68,35,1
432,260,1
512,474,1
75,762,1
250,566,1
444,215,1
44,434,1
183,460,1
763,566,1
189,678,1
290,373,1
462,44,1
494,721,1
137,495,1
195,100,1
257,169,1
704,29,1
374,764,1
764,738,1
583,12,1
522,488,1
92,486,1
224,529,1
481,438,1
579,332,1
481,182,1
33,599,1
286,260,1
697,475,1
175,83,-1
196,402,-1
502,631,-1
535,745,-1
584,393,-1
366,654,-1
167,309,-1
391,456,-1
6,555,-1
703,39,-1
325,131,-1
152,413,-1
112,648,-1
312,710,-1
201,661,-1
550,647,-1
483,197,-1
72,180,-1
400,282,-1
349,190,-1
604,726,-1
279,646,-1
745,443,-1
448,106,-1
317,622,-1
391,497,-1
151,349,-1
759,234,-1
661,5,-1
356,49,-1
219,617,-1
19,687,-1
516,421,-1
123,661,-1
741,588,-1
415,233,-1
130,331,-1
