701,308,1
400,22,1
73,372,1
743,243,1
411,36,1
624,169,1
720,160,1
519,543,1
204,271,1
113,534,1
80,393,1
27,63,1
715,706,1
542,659,1
86,520,1
637,136,1
146,633,1
254,455,1
377,660,1
362,202,1
41,200,1
446,672,1
144,453,1
5,547,1
110,702,1
691,171,1
539,100,1
294,497,1
105,705,1
147,685,1
274,727,1
245,255,1
135,257,1
364,690,1
670,531,1
190,566,1
491,704,1
380,77,1
449,585,1
183,265,1
729,167,1
391,708,1
528,751,1
94,465,1
265,548,1
144,87,1
389,69,1
418,252,1
685,290,1
699,30,1
374,29,1
744,20,1
32,640,1
175,414,1
94,74,1
135,453,1
528,181,1
677,217,1
94,758,1
745,229,1
180,401,1
29,412,1
547,410,1
177,284,1
511,459,1
672,496,1
220,2,1
507,566,1
206,146,-1
118,337,-1
8,260,-1
740,82,-1
670,276,-1
437,70,-1
44,606,-1
205,270,-1
65,378,-1
431,569,-1
649,712,-1
210,655,-1
103,110,-1
676,491,-1
324,130,-1
621,598,-1
387,320,-1
603,616,-1
78,407,-1
14,91,-1
550,114,-1
408,589,-1
397,609,-1
235,82,-1
31,233,-1
332,625,-1
172,206,-1
398,435,-1
214,335,-1
64,403,-1
264,430,-1
474,154,-1
44,761,-1
638,597,-1
459,569,-1
722,113,-1
700,192,-1
216,142,-1
632,192,-1
225,287,-1
476,173,-1
719,645,-1
276,211,-1
584,547,-1
210,535,-1
13,95,-1
751,678,-1
