256,148,1
714,172,1
650,657,1
119,372,1
422,32,1
480,693,1
605,551,1
423,32,1
398,471,1
504,344,1
538,380,1
474,307,1
316,348,1
641,758,1
581,489,1
622,764,1
618,13,1
507,734,1
519,63,1
545,13,1
379,608,1
335,728,1
176,60,1
20,420,1
561,695,1
405,234,1
718,725,1
704,367,1
274,622,1
677,35,1
165,220,1
686,217,1
113,267,1
1,601,1
117,504,1
747,473,1
672,94,1
274,685,1
183,226,1
223,149,1
141,162,1
421,762,1
414,750,1
560,541,1
289,426,1
497,670,1
754,502,1
744,684,1
684,277,1
176,94,1
182,553,1
496,711,1
484,732,1
277,278,1
616,602,1
295,564,1
285,265,1
160,403,1
688,325,1
503,436,1
728,299,1
267,434,1
212,320,1
720,474,1
76,160,1
300,590,1
44,634,1
275,282,1
120,259,1
738,277,1
679,622,1
178,500,1
35,634,1
242,6,1
257,316,1
727,374,1
148,767,1
62,621,1
481,42,1
252,228,1
604,125,1
531,77,1
26,580,1
690,605,1
60,69,1
337,577,1
44,253,1
583,281,1
200,538,1
664,508,-1
249,26,-1
643,408,-1
659,62,-1
681,670,-1
660,598,-1
337,341,-1
662,90,-1
258,207,-1
609,17,-1
413,435,-1
152,607,-1
171,297,-1
383,696,-1
500,198,-1
540,343,-1
566,476,-1
0,12,-1
372,394,-1
184,213,-1
765,72,-1
545,34,-1
611,699,-1
731,597,-1
511,221,-1
308,734,-1
508,332,-1
2,167,-1
156,245,-1
36,231,-1
603,34,-1
497,655,-1
625,292,-1
9,438,-1
33,26,-1
495,675,-1
444,738,-1
311,663,-1
368,455,-1
173,493,-1
52,659,-1
2,205,-1
483,743,-1
22,551,-1
476,576,-1
647,572,-1
441,516,-1
544,757,-1
309,734,-1
363,405,-1
520,748,-1
664,256,-1
588,547,-1
100,21,-1
133,125,-1
212,369,-1
503,425,-1
489,219,-1
618,672,-1
9,223,-1
544,455,-1
141,480,-1
510,707,-1
292,627,-1
