365,547,1
318,532,1
75,697,1
333,456,1
697,102,1
26,702,1
161,18,1
622,726,1
324,600,1
204,656,1
31,369,1
450,104,1
637,89,1
410,184,1
527,685,1
473,677,1
342,713,1
626,641,1
644,537,1
62,475,1
194,68,1
127,738,1
147,268,1
597,559,1
636,526,1
555,94,1
538,347,1
119,258,1
326,64,1
234,295,1
730,236,1
341,294,1
129,170,1
553,149,1
123,285,1
42,191,1
548,698,1
545,706,1
197,546,1
303,99,1
251,62,1
101,639,1
554,389,1
552,538,1
77,423,1
585,726,1
665,503,1
460,58,1
580,417,1
157,453,1
36,29,1
233,258,1
458,746,1
698,104,1
404,417,1
358,149,1
466,67,1
633,180,1
710,671,1
306,614,1
623,21,1
475,262,1
284,693,1
567,233,1
575,564,1
172,572,1
657,34,1
603,391,1
519,47,1
740,485,1
424,78,1
77,637,1
39,664,1
632,413,1
234,680,1
301,198,1
684,353,1
120,110,1
313,5,1
731,638,1
549,637,1
289,392,1
474,167,1
327,250,1
295,467,1
57,431,1
611,321,1
380,684,1
713,415,-1
227,144,-1
618,483,-1
335,749,-1
362,270,-1
281,125,-1
513,541,-1
495,611,-1
748,97,-1
264,672,-1
130,246,-1
197,108,-1
485,449,-1
433,370,-1
485,677,-1
592,272,-1
322,479,-1
319,194,-1
284,380,-1
57,754,-1
306,320,-1
63,598,-1
82,9,-1
536,254,-1
75,24,-1
68,731,-1
125,297,-1
70,36,-1
129,494,-1
9,703,-1
124,688,-1
193,737,-1
322,353,-1
149,38,-1
746,536,-1
654,425,-1
3,220,-1
673,397,-1
60,338,-1
206,139,-1
762,186,-1
494,23,-1
604,699,-1
213,352,-1
469,662,-1
216,174,-1
76,746,-1
204,370,-1
750,1,-1
151,391,-1
406,608,-1
688,709,-1
619,703,-1
638,133,-1
485,3,-1
563,706,-1
455,554,-1
491,209,-1
451,50,-1
335,339,-1
355,333,-1
120,453,-1
352,100,-1
599,611,-1
45,456,-1
