73,398,1
519,214,1
204,528,1
113,64,1
27,44,1
44,94,1
205,459,1
254,547,1
377,276,1
362,177,1
41,511,1
446,584,1
210,210,1
5,507,1
294,22,1
274,82,1
135,36,1
621,276,1
190,160,1
183,70,1
387,393,1
391,270,1
94,569,1
265,136,1
550,455,1
397,547,1
206,32,-1
118,332,-1
400,172,-1
8,175,-1
411,94,-1
624,135,-1
437,264,-1
80,474,-1
65,180,-1
431,29,-1
542,216,-1
86,225,-1
146,476,-1
103,13,-1
144,220,-1
110,146,-1
539,308,-1
324,337,-1
105,372,-1
147,260,-1
245,243,-1
364,169,-1
491,543,-1
380,271,-1
449,534,-1
603,63,-1
78,606,-1
528,378,-1
14,520,-1
144,202,-1
389,200,-1
418,110,-1
408,453,-1
374,491,-1
235,171,-1
31,100,-1
