227,352,1
618,380,1
362,415,1
318,144,1
281,483,1
513,547,1
333,532,1
495,541,1
622,102,1
264,18,1
204,600,1
473,184,1
197,449,1
485,370,1
433,537,1
485,475,1
62,272,1
127,194,1
322,268,1
597,380,1
284,94,1
555,320,1
57,347,1
538,64,1
326,236,1
234,598,1
63,294,1
129,9,1
82,149,1
553,285,1
123,254,1
42,24,1
68,62,1
197,36,1
70,423,1
124,38,1
554,536,1
77,453,1
585,425,1
322,397,1
149,29,1
157,139,1
458,180,1
404,614,1
306,233,1
475,352,1
213,47,1
575,485,1
172,174,1
519,413,1
469,198,1
301,608,1
313,392,1
406,250,1
563,333,1
327,431,1
491,453,1
451,100,1
335,611,1
295,456,1
57,133,1
611,506,1
365,599,-1
335,45,-1
75,270,-1
26,125,-1
161,456,-1
324,611,-1
130,97,-1
31,246,-1
450,369,-1
410,104,-1
527,89,-1
342,108,-1
592,68,-1
194,479,-1
319,559,-1
147,526,-1
306,258,-1
119,295,-1
341,170,-1
536,191,-1
548,546,-1
75,99,-1
545,297,-1
303,494,-1
125,389,-1
251,538,-1
129,353,-1
9,503,-1
101,58,-1
552,417,-1
193,220,-1
460,258,-1
580,338,-1
3,186,-1
36,104,-1
233,417,-1
60,149,-1
206,67,-1
358,21,-1
466,262,-1
623,23,-1
284,564,-1
567,572,-1
494,34,-1
604,391,-1
603,78,-1
216,353,-1
424,110,-1
77,5,-1
39,370,-1
234,1,-1
76,391,-1
120,133,-1
204,3,-1
151,167,-1
549,554,-1
619,209,-1
289,50,-1
485,339,-1
474,467,-1
455,321,-1
355,283,-1
120,84,-1
