618,603,1
318,424,1
281,77,1
513,39,1
333,76,1
161,313,1
622,204,1
204,619,1
31,289,1
450,485,1
527,563,1
485,451,1
433,335,1
485,295,1
147,599,1
538,270,1
326,125,1
341,102,1
82,18,1
42,369,1
68,108,1
197,449,1
303,370,1
125,537,1
251,475,1
70,272,1
129,68,1
124,194,1
554,559,1
552,526,1
77,380,1
322,347,1
149,258,1
580,295,1
36,294,1
458,285,1
284,62,1
494,494,1
213,538,1
227,172,-1
365,519,-1
335,469,-1
362,216,-1
75,234,-1
26,301,-1
495,120,-1
324,151,-1
264,406,-1
130,549,-1
410,474,-1
473,327,-1
342,455,-1
197,491,-1
62,355,-1
592,57,-1
194,611,-1
127,120,-1
322,352,-1
319,380,-1
597,45,-1
284,415,-1
555,144,-1
57,483,-1
306,547,-1
119,532,-1
234,541,-1
63,456,-1
129,611,-1
553,97,-1
123,600,-1
536,246,-1
548,104,-1
75,89,-1
545,184,-1
9,479,-1
101,268,-1
585,94,-1
193,320,-1
460,64,-1
157,236,-1
3,598,-1
233,170,-1
60,9,-1
206,149,-1
404,254,-1
358,191,-1
466,24,-1
306,546,-1
623,99,-1
475,297,-1
567,36,-1
604,389,-1
575,423,-1
