382,22,1
348,66,1
501,102,1
472,358,1
477,465,1
274,33,1
129,291,1
275,226,1
137,573,1
49,296,1
360,555,1
443,274,1
417,43,1
296,19,1
245,305,1
144,298,1
536,483,1
552,285,1
507,142,1
205,619,1
46,547,1
413,522,1
434,125,1
354,405,1
573,154,1
224,168,1
290,605,1
526,320,1
420,202,1
599,59,1
374,79,1
161,263,1
469,419,1
467,457,1
332,553,1
463,528,1
56,204,-1
125,48,-1
577,469,-1
534,266,-1
436,243,-1
571,22,-1
296,190,-1
241,513,-1
347,326,-1
417,225,-1
238,472,-1
187,536,-1
234,135,-1
12,0,-1
214,623,-1
395,470,-1
486,599,-1
312,226,-1
58,596,-1
492,136,-1
182,545,-1
575,121,-1
434,43,-1
355,473,-1
52,263,-1
186,305,-1
440,248,-1
388,375,-1
261,338,-1
403,67,-1
388,290,-1
328,523,-1
1,435,-1
290,29,-1
219,353,-1
108,477,-1
371,508,-1
455,117,-1
247,303,-1
399,540,-1
240,381,-1
500,417,-1
230,598,-1
366,153,-1
169,85,-1
306,158,-1
497,348,-1
403,82,-1
209,201,-1
144,306,-1
624,177,-1
203,183,-1
64,430,-1
253,241,-1
350,272,-1
510,239,-1
395,515,-1
