192,148,1
277,411,1
599,41,1
70,58,1
396,43,1
314,11,1
486,307,1
551,80,1
87,32,1
537,275,1
72,174,1
115,554,1
431,371,1
448,184,1
99,444,1
177,488,1
544,94,1
244,269,1
510,328,1
128,248,1
273,139,1
617,621,1
543,149,1
291,117,1
430,595,1
91,507,1
398,121,1
611,326,1
84,287,1
203,525,1
131,41,1
169,129,1
197,24,1
292,291,1
383,138,1
512,421,1
370,623,1
555,488,1
383,539,1
23,217,1
98,148,1
559,594,-1
359,209,-1
9,562,-1
472,36,-1
600,86,-1
174,182,-1
600,128,-1
147,589,-1
423,286,-1
288,280,-1
265,515,-1
543,226,-1
151,296,-1
459,19,-1
183,607,-1
28,410,-1
128,450,-1
53,180,-1
550,323,-1
488,260,-1
335,598,-1
388,461,-1
42,528,-1
442,152,-1
257,110,-1
321,25,-1
57,464,-1
119,445,-1
82,228,-1
565,469,-1
324,152,-1
47,591,-1
180,274,-1
143,552,-1
227,438,-1
373,207,-1
560,166,-1
305,111,-1
581,349,-1
448,216,-1
95,381,-1
606,67,-1
256,234,-1
387,555,-1
610,32,-1
554,11,-1
368,616,-1
201,212,-1
130,307,-1
377,174,-1
574,541,-1
123,579,-1
