249,62,1
256,22,1
480,481,1
316,100,1
413,212,1
618,503,1
152,489,1
171,9,1
379,141,1
335,510,1
405,200,1
383,508,1
274,172,1
372,372,1
184,32,1
165,598,1
545,551,1
113,32,1
117,344,1
611,380,1
141,348,1
414,17,1
560,435,1
289,13,1
308,607,1
508,297,1
2,13,1
176,420,1
182,234,1
603,476,1
277,367,1
616,622,1
33,72,1
444,267,1
311,601,1
212,473,1
178,541,1
483,277,1
148,94,1
119,476,-1
422,441,-1
605,544,-1
423,252,-1
398,604,-1
504,309,-1
538,363,-1
337,520,-1
474,588,-1
258,531,-1
581,26,-1
622,60,-1
609,133,-1
507,618,-1
519,337,-1
545,544,-1
176,44,-1
20,583,-1
561,292,-1
500,26,-1
540,408,-1
566,148,-1
0,62,-1
1,471,-1
511,341,-1
274,307,-1
183,90,-1
223,207,-1
421,489,-1
497,63,-1
156,608,-1
36,60,-1
496,198,-1
484,343,-1
497,12,-1
295,394,-1
285,35,-1
160,213,-1
9,220,-1
495,217,-1
503,34,-1
267,504,-1
368,597,-1
76,221,-1
300,94,-1
44,226,-1
275,149,-1
120,162,-1
35,426,-1
173,332,-1
242,502,-1
52,167,-1
257,245,-1
2,231,-1
