37,542,1
72,569,1
144,508,1
508,269,1
281,279,1
178,152,1
276,476,1
562,152,1
503,492,1
478,615,1
86,266,1
7,198,1
513,15,1
316,401,1
209,170,1
264,20,1
431,278,1
456,485,1
71,10,1
387,96,1
313,568,1
515,405,1
497,231,1
43,96,1
588,505,1
336,497,1
297,212,1
466,536,1
15,137,1
196,199,1
25,325,1
367,420,1
616,77,1
22,219,1
279,303,1
155,462,1
418,322,1
279,302,1
87,384,1
243,413,1
348,63,1
190,477,1
302,545,1
369,48,1
253,288,1
469,287,1
514,222,1
588,330,1
149,136,1
263,109,1
77,611,1
532,562,1
235,548,-1
129,210,-1
583,96,-1
390,10,-1
254,416,-1
357,140,-1
468,193,-1
252,606,-1
490,572,-1
398,489,-1
580,338,-1
215,130,-1
141,489,-1
393,470,-1
319,327,-1
534,176,-1
313,566,-1
542,609,-1
454,183,-1
561,317,-1
26,25,-1
621,141,-1
64,450,-1
471,21,-1
282,296,-1
126,369,-1
381,461,-1
356,424,-1
313,557,-1
595,234,-1
166,557,-1
288,451,-1
586,547,-1
151,468,-1
321,595,-1
461,253,-1
564,55,-1
454,28,-1
75,32,-1
332,520,-1
43,596,-1
