472,581,1
396,448,1
314,95,1
551,606,1
87,256,1
174,292,1
537,610,1
431,201,1
448,383,1
99,512,1
177,370,1
423,383,1
288,23,1
543,98,1
244,574,1
183,209,1
128,41,1
53,58,1
273,43,1
617,80,1
42,32,1
442,182,1
543,128,1
321,174,1
119,184,1
611,280,1
565,515,1
84,94,1
203,226,1
324,269,1
47,296,1
559,131,-1
192,180,-1
359,143,-1
9,227,-1
277,373,-1
599,560,-1
70,305,-1
600,169,-1
486,197,-1
600,387,-1
72,554,-1
115,368,-1
147,555,-1
265,130,-1
544,377,-1
151,123,-1
510,594,-1
459,148,-1
28,562,-1
128,411,-1
550,36,-1
488,86,-1
335,11,-1
388,307,-1
257,275,-1
57,554,-1
291,371,-1
430,444,-1
82,488,-1
91,589,-1
398,286,-1
