235,155,1
72,313,1
129,166,1
508,418,1
357,190,1
398,369,1
580,461,1
478,454,1
86,514,1
393,149,1
7,263,1
513,43,1
316,532,1
209,542,1
264,548,1
71,96,1
387,269,1
561,279,1
515,476,1
43,140,1
621,489,1
367,489,1
471,470,1
616,327,1
37,356,-1
144,595,-1
583,288,-1
390,279,-1
281,87,-1
178,243,-1
276,348,-1
254,586,-1
468,302,-1
252,151,-1
490,321,-1
562,253,-1
215,564,-1
503,469,-1
141,588,-1
319,77,-1
534,75,-1
313,332,-1
431,569,-1
456,508,-1
542,210,-1
454,10,-1
313,152,-1
497,416,-1
588,193,-1
26,606,-1
336,572,-1
297,152,-1
466,338,-1
15,130,-1
64,492,-1
196,615,-1
25,266,-1
282,198,-1
22,176,-1
126,566,-1
279,15,-1
381,401,-1
