340,426,1
115,105,1
143,6,1
349,412,1
354,483,1
315,75,1
270,174,1
102,220,1
476,611,1
347,169,1
575,586,1
28,418,1
559,150,1
199,419,1
548,192,1
217,423,1
614,280,1
603,152,1
466,205,1
310,541,1
423,2,1
46,140,1
351,354,1
7,199,1
382,54,1
451,393,-1
361,19,-1
133,304,-1
136,528,-1
360,112,-1
48,206,-1
85,118,-1
458,248,-1
620,98,-1
269,215,-1
61,226,-1
530,267,-1
349,456,-1
440,473,-1
563,147,-1
170,570,-1
410,381,-1
322,375,-1
9,380,-1
381,555,-1
494,527,-1
81,28,-1
491,144,-1
598,161,-1
31,493,-1
20,454,-1
533,519,-1
394,476,-1
2,341,-1
422,561,-1
123,560,-1
376,184,-1
293,463,-1
363,297,-1
450,14,-1
550,572,-1
160,7,-1
