584,619,1
299,88,1
466,367,1
433,361,1
587,207,1
47,122,1
287,421,1
195,290,1
51,560,1
323,9,1
302,487,1
211,358,1
121,19,1
31,184,1
592,380,1
50,115,1
319,79,1
207,278,1
493,357,1
271,140,1
493,220,1
585,410,1
96,548,1
138,87,1
316,583,1
86,96,1
454,497,1
19,82,1
56,79,1
466,404,1
324,422,1
81,408,1
61,253,1
454,341,1
125,105,1
485,233,1
299,516,1
218,507,1
483,623,1
528,500,1
43,39,1
477,190,1
326,301,1
461,210,1
0,282,1
63,127,1
622,531,1
219,283,1
224,144,1
491,105,1
590,403,1
622,201,1
211,611,1
168,51,-1
527,97,-1
493,8,-1
534,86,-1
75,63,-1
360,135,-1
263,336,-1
607,348,-1
404,313,-1
124,415,-1
102,298,-1
359,548,-1
550,534,-1
545,19,-1
570,95,-1
255,45,-1
325,149,-1
88,420,-1
454,339,-1
351,36,-1
450,392,-1
564,49,-1
238,51,-1
132,195,-1
561,261,-1
434,133,-1
506,349,-1
392,390,-1
401,44,-1
506,517,-1
366,339,-1
474,613,-1
446,153,-1
83,125,-1
555,274,-1
538,605,-1
498,270,-1
588,64,-1
34,358,-1
385,208,-1
609,63,-1
474,104,-1
424,85,-1
59,337,-1
26,92,-1
148,603,-1
406,243,-1
187,362,-1
539,586,-1
574,446,-1
424,237,-1
442,33,-1
245,57,-1
604,422,-1
75,469,-1
562,594,-1
201,8,-1
433,11,-1
207,442,-1
487,260,-1
49,303,-1
296,332,-1
364,189,-1
46,610,-1
478,81,-1
607,187,-1
405,8,-1
570,368,-1
482,264,-1
21,229,-1
509,245,-1
348,207,-1
