480,616,1
605,295,1
538,33,1
337,495,1
258,444,1
316,311,1
618,300,1
379,173,1
20,257,1
405,483,1
383,148,1
566,476,1
611,531,1
223,133,1
141,212,1
560,618,1
508,141,1
249,484,-1
256,603,-1
119,497,-1
422,277,-1
423,285,-1
398,160,-1
504,9,-1
474,503,-1
581,267,-1
622,212,-1
609,368,-1
413,76,-1
152,44,-1
507,275,-1
519,120,-1
171,178,-1
545,35,-1
335,242,-1
176,52,-1
561,2,-1
500,62,-1
540,22,-1
0,441,-1
274,481,-1
372,544,-1
184,252,-1
165,604,-1
545,309,-1
113,363,-1
1,520,-1
117,588,-1
511,100,-1
274,26,-1
183,60,-1
421,503,-1
414,489,-1
289,337,-1
308,9,-1
497,544,-1
2,510,-1
156,44,-1
36,583,-1
176,292,-1
182,200,-1
496,508,-1
