382,46,1
125,354,1
571,306,1
241,403,1
347,209,1
417,224,1
187,144,1
477,526,1
274,64,1
214,599,1
129,374,1
395,161,1
486,467,1
137,253,1
360,510,1
58,395,1
417,22,1
575,204,1
296,469,1
536,536,1
403,358,1
552,465,1
388,135,1
455,226,1
247,296,1
500,596,1
348,230,-1
501,413,-1
56,434,-1
577,573,-1
534,366,-1
436,169,-1
296,497,-1
238,290,-1
472,624,-1
234,203,-1
12,420,-1
275,469,-1
312,350,-1
49,332,-1
443,463,-1
492,66,-1
182,102,-1
434,48,-1
245,266,-1
355,243,-1
52,22,-1
186,190,-1
440,513,-1
144,326,-1
388,225,-1
261,472,-1
507,0,-1
328,33,-1
1,623,-1
290,291,-1
219,470,-1
108,226,-1
371,599,-1
205,573,-1
399,555,-1
240,274,-1
