537,415,1
211,402,1
185,203,1
398,47,1
554,622,1
68,309,1
250,566,1
183,413,1
201,495,1
550,100,1
137,169,1
257,12,1
400,488,1
374,443,1
604,622,1
583,497,1
391,5,1
356,617,1
219,599,1
175,123,-1
196,286,-1
502,130,-1
579,83,-1
615,21,-1
348,579,-1
535,524,-1
584,349,-1
345,107,-1
366,393,-1
167,276,-1
432,35,-1
391,260,-1
512,456,-1
75,474,-1
6,555,-1
444,215,-1
44,434,-1
325,39,-1
152,131,-1
112,460,-1
189,566,-1
290,373,-1
312,44,-1
462,197,-1
494,180,-1
483,29,-1
195,282,-1
72,190,-1
349,106,-1
279,349,-1
522,486,-1
448,234,-1
317,529,-1
151,49,-1
92,438,-1
224,332,-1
481,182,-1
579,421,-1
481,260,-1
19,475,-1
516,588,-1
33,233,-1
