122,27,1
174,171,1
439,86,1
360,527,1
58,119,1
564,52,1
387,448,1
183,49,1
149,414,1
56,7,1
174,10,1
561,470,1
343,297,1
426,610,1
255,487,1
73,29,1
187,548,1
460,445,1
222,22,1
190,460,1
190,460,1
279,335,1
56,218,1
439,499,1
181,589,1
499,516,1
240,360,1
478,500,1
51,454,1
264,121,1
505,240,1
566,207,1
487,255,1
388,418,1
587,540,1
543,258,1
125,233,1
54,37,1
599,0,-1
456,394,-1
393,360,-1
109,501,-1
606,391,-1
313,591,-1
44,488,-1
294,315,-1
126,308,-1
0,609,-1
533,291,-1
422,598,-1
509,375,-1
486,208,-1
373,487,-1
30,553,-1
322,502,-1
416,259,-1
243,586,-1
161,151,-1
493,519,-1
412,564,-1
515,156,-1
370,448,-1
371,421,-1
610,32,-1
95,281,-1
562,5,-1
145,457,-1
240,498,-1
151,2,-1
114,227,-1
534,284,-1
331,296,-1
198,435,-1
466,318,-1
597,396,-1
59,26,-1
107,494,-1
165,569,-1
443,81,-1
250,143,-1
352,547,-1
54,377,-1
264,602,-1
484,309,-1
78,23,-1
9,335,-1
565,118,-1
131,366,-1
552,218,-1
252,111,-1
579,217,-1
491,246,-1
510,264,-1
