502,100,1
579,180,1
185,190,1
398,12,1
535,488,1
345,106,1
366,622,1
554,497,1
167,349,1
512,5,1
290,233,1
201,225,1
550,85,1
137,247,1
195,76,1
400,315,1
583,589,1
522,161,1
448,45,1
391,398,1
92,42,1
579,230,1
219,265,1
516,1,1
33,287,1
415,497,1
579,461,1
349,539,1
393,8,1
622,481,1
276,612,1
35,298,1
474,143,1
566,210,1
555,231,1
39,521,1
460,427,1
373,144,1
175,44,-1
196,495,-1
537,197,-1
211,169,-1
615,29,-1
348,282,-1
584,443,-1
68,486,-1
432,234,-1
391,529,-1
75,49,-1
250,438,-1
6,332,-1
444,617,-1
44,182,-1
325,421,-1
152,599,-1
183,260,-1
112,475,-1
189,588,-1
312,331,-1
462,469,-1
494,476,-1
483,183,-1
72,85,-1
257,230,-1
374,575,-1
349,400,-1
604,35,-1
279,288,-1
317,475,-1
151,45,-1
224,290,-1
356,95,-1
481,183,-1
481,269,-1
19,341,-1
123,208,-1
286,560,-1
130,161,-1
83,255,-1
402,338,-1
21,576,-1
203,266,-1
47,436,-1
524,506,-1
107,156,-1
309,428,-1
260,348,-1
456,519,-1
215,448,-1
434,44,-1
131,440,-1
413,176,-1
566,517,-1
