256,148,1
119,62,1
422,172,1
316,307,1
622,207,1
152,435,1
507,13,1
171,63,1
379,13,1
335,608,1
383,343,1
500,476,1
566,367,1
274,394,1
184,213,1
113,217,1
1,34,1
117,267,1
611,601,1
274,473,1
223,221,1
141,94,1
414,149,1
308,426,1
497,332,1
2,167,1
176,277,1
496,553,1
603,278,1
277,602,1
285,403,1
160,325,1
495,436,1
311,320,1
212,474,1
76,590,1
44,259,1
275,277,1
178,500,1
173,6,1
257,374,1
483,551,1
22,516,1
441,228,1
481,125,1
588,605,1
100,125,1
133,219,1
489,455,1
618,480,1
544,538,1
510,485,1
44,11,1
583,335,1
200,582,1
249,408,-1
480,372,-1
605,32,-1
423,598,-1
398,551,-1
504,32,-1
538,471,-1
337,344,-1
474,380,-1
258,341,-1
581,90,-1
609,348,-1
413,489,-1
618,17,-1
519,607,-1
545,297,-1
176,60,-1
20,420,-1
561,234,-1
405,198,-1
540,12,-1
0,622,-1
372,35,-1
165,220,-1
545,72,-1
511,504,-1
183,597,-1
421,226,-1
560,162,-1
289,541,-1
508,502,-1
156,245,-1
36,231,-1
182,94,-1
484,34,-1
497,292,-1
616,564,-1
295,265,-1
9,438,-1
33,26,-1
503,299,-1
444,434,-1
267,455,-1
368,160,-1
300,282,-1
120,622,-1
35,493,-1
242,316,-1
52,205,-1
2,621,-1
148,576,-1
62,572,-1
476,42,-1
544,405,-1
252,256,-1
604,547,-1
309,77,-1
363,21,-1
520,580,-1
531,69,-1
26,369,-1
60,425,-1
212,577,-1
503,223,-1
337,253,-1
9,281,-1
141,462,-1
292,245,-1
508,302,-1
26,559,-1
