361,586,1
133,161,1
360,454,1
48,519,1
115,150,1
458,476,1
620,341,1
61,419,1
143,192,1
530,280,1
102,463,1
349,297,1
563,205,1
410,541,1
322,2,1
9,140,1
347,10,1
575,434,1
533,403,1
394,324,1
2,447,1
199,214,1
548,121,1
123,117,1
217,172,1
614,560,1
603,354,1
363,613,1
466,285,1
423,474,1
351,178,1
426,220,1
206,482,1
105,588,1
98,417,1
6,569,1
75,277,1
267,86,1
174,128,1
220,497,1
147,270,1
28,123,1
611,563,1
451,169,-1
340,144,-1
136,493,-1
85,418,-1
269,561,-1
349,560,-1
354,184,-1
315,423,-1
270,152,-1
440,14,-1
170,572,-1
381,354,-1
494,7,-1
81,199,-1
476,54,-1
491,624,-1
598,271,-1
31,357,-1
20,326,-1
28,432,-1
559,252,-1
422,452,-1
376,123,-1
293,362,-1
450,378,-1
550,174,-1
310,6,-1
46,460,-1
160,396,-1
7,457,-1
382,275,-1
393,559,-1
19,480,-1
304,448,-1
528,209,-1
112,435,-1
118,551,-1
248,597,-1
215,321,-1
226,198,-1
412,216,-1
483,416,-1
456,261,-1
473,359,-1
570,82,-1
381,339,-1
375,38,-1
380,399,-1
555,142,-1
527,299,-1
