75,75,1
360,622,1
433,201,1
607,433,1
587,207,1
47,219,1
287,224,1
404,487,1
124,49,1
359,491,1
550,590,1
545,478,1
570,622,1
255,607,1
325,570,1
454,211,1
31,97,1
592,619,1
238,88,1
50,367,1
132,63,1
319,135,1
207,336,1
561,361,1
493,207,1
271,421,1
401,290,1
585,560,1
83,95,1
96,45,1
538,149,1
588,487,1
138,339,1
34,36,1
316,358,1
86,19,1
19,392,1
385,51,1
61,79,1
454,278,1
609,357,1
474,349,1
299,140,1
43,517,1
477,410,1
424,339,1
326,613,1
461,125,1
148,274,1
406,605,1
187,270,1
539,64,1
168,0,-1
527,574,-1
493,424,-1
584,442,-1
534,245,-1
299,604,-1
466,63,-1
263,562,-1
195,296,-1
102,364,-1
51,46,-1
323,405,-1
88,482,-1
302,21,-1
351,509,-1
211,348,-1
121,51,-1
450,8,-1
564,86,-1
434,348,-1
506,122,-1
493,313,-1
392,415,-1
506,298,-1
366,548,-1
474,534,-1
446,19,-1
555,9,-1
498,420,-1
454,184,-1
56,380,-1
466,49,-1
324,115,-1
81,195,-1
125,261,-1
485,133,-1
218,220,-1
483,390,-1
528,44,-1
59,153,-1
26,548,-1
