206,497,1
411,566,1
437,616,1
80,407,1
27,167,1
65,548,1
542,87,1
86,69,1
362,589,1
110,435,1
539,414,1
324,74,1
105,335,1
245,430,1
135,154,1
491,229,1
380,401,1
449,113,1
183,192,1
387,412,1
391,287,1
265,284,1
550,459,1
144,547,1
397,2,1
235,402,1
32,192,1
332,380,1
398,549,1
94,414,1
135,91,1
528,251,1
64,263,1
264,291,1
474,393,1
44,263,1
94,473,1
459,487,1
180,566,1
276,202,1
584,229,1
13,17,1
220,471,1
507,523,1
146,158,1
308,307,1
243,137,1
36,238,1
276,617,1
160,80,1
543,314,1
606,333,1
270,209,1
136,19,1
455,301,1
110,435,1
171,221,1
118,255,-1
400,257,-1
73,598,-1
8,531,-1
624,77,-1
519,585,-1
204,265,-1
113,320,-1
44,465,-1
205,91,-1
431,114,-1
146,252,-1
254,290,-1
377,30,-1
41,609,-1
446,29,-1
210,82,-1
103,20,-1
144,233,-1
5,206,-1
294,453,-1
147,181,-1
274,403,-1
364,597,-1
621,217,-1
190,569,-1
603,142,-1
78,192,-1
528,173,-1
94,410,-1
14,211,-1
389,496,-1
418,535,-1
408,95,-1
374,566,-1
31,367,-1
172,375,-1
175,1,-1
214,605,-1
29,415,-1
216,102,-1
225,14,-1
476,516,-1
547,618,-1
177,112,-1
511,380,-1
210,67,-1
337,61,-1
22,340,-1
372,180,-1
260,74,-1
82,25,-1
169,551,-1
271,428,-1
534,508,-1
70,231,-1
393,527,-1
63,607,-1
378,227,-1
569,185,-1
520,558,-1
202,92,-1
200,83,-1
453,113,-1
547,410,-1
491,94,-1
100,114,-1
130,185,-1
