37,20,1
235,278,1
129,10,1
508,183,1
178,405,1
276,231,1
254,96,1
357,505,1
398,212,1
562,536,1
215,450,1
478,325,1
141,21,1
393,296,1
319,219,1
456,557,1
71,322,1
313,63,1
497,477,1
297,253,1
466,55,1
15,287,1
64,28,1
196,222,1
25,330,1
279,562,1
155,620,1
166,113,1
288,44,1
418,271,1
279,475,1
87,499,1
151,431,1
321,444,1
461,451,1
263,87,1
532,206,1
542,145,1
548,167,1
569,163,1
210,458,1
152,300,1
476,617,1
416,182,1
140,256,1
606,503,1
152,51,1
615,407,1
266,270,1
489,533,1
176,440,1
401,583,1
170,508,1
72,485,-1
144,609,-1
583,96,-1
390,317,-1
281,568,-1
468,25,-1
252,497,-1
490,141,-1
580,137,-1
503,199,-1
86,420,-1
7,77,-1
534,369,-1
313,303,-1
513,461,-1
316,424,-1
209,462,-1
264,557,-1
431,234,-1
542,451,-1
387,302,-1
454,384,-1
561,413,-1
515,547,-1
43,545,-1
588,468,-1
26,595,-1
336,48,-1
621,288,-1
367,136,-1
471,109,-1
282,611,-1
616,32,-1
22,520,-1
126,596,-1
381,591,-1
356,169,-1
313,211,-1
595,24,-1
243,251,-1
348,235,-1
586,86,-1
190,391,-1
302,53,-1
369,290,-1
253,100,-1
564,229,-1
469,606,-1
454,166,-1
514,231,-1
588,79,-1
149,575,-1
77,416,-1
75,324,-1
332,188,-1
43,500,-1
508,465,-1
96,326,-1
269,230,-1
10,240,-1
279,48,-1
193,342,-1
572,275,-1
489,624,-1
338,138,-1
130,123,-1
492,324,-1
470,174,-1
198,380,-1
327,131,-1
566,208,-1
15,566,-1
