359,410,1
70,323,1
486,621,1
551,528,1
174,149,1
600,110,1
537,25,1
431,445,1
147,121,1
288,469,1
265,287,1
459,552,1
128,166,1
128,111,1
53,349,1
388,67,1
42,291,1
543,32,1
257,11,1
57,212,1
291,138,1
119,421,1
430,623,1
91,539,1
398,217,1
611,307,1
84,148,1
203,541,1
47,547,1
131,393,1
143,297,1
373,539,1
560,429,1
169,61,1
95,44,1
197,88,1
292,36,1
610,290,1
368,254,1
201,80,1
512,136,1
383,209,1
23,368,1
377,376,1
98,347,1
574,168,1
148,323,1
209,508,1
41,289,1
58,146,1
36,273,1
86,221,1
11,509,1
128,322,1
275,623,1
174,91,1
554,341,1
444,414,1
280,433,1
94,174,1
226,405,1
328,480,1
559,19,-1
192,607,-1
9,450,-1
277,248,-1
599,180,-1
472,260,-1
600,139,-1
396,598,-1
314,461,-1
87,152,-1
72,464,-1
115,117,-1
448,595,-1
99,228,-1
177,507,-1
423,326,-1
544,525,-1
543,152,-1
244,591,-1
151,41,-1
510,274,-1
183,438,-1
28,207,-1
550,129,-1
488,216,-1
273,381,-1
335,24,-1
617,234,-1
442,555,-1
321,616,-1
82,488,-1
565,174,-1
324,579,-1
180,73,-1
227,394,-1
305,199,-1
581,423,-1
448,341,-1
606,33,-1
256,232,-1
387,459,-1
554,197,-1
383,446,-1
370,189,-1
555,129,-1
130,291,-1
123,176,-1
594,537,-1
562,114,-1
411,29,-1
43,340,-1
307,514,-1
80,69,-1
32,357,-1
182,556,-1
371,423,-1
184,551,-1
488,274,-1
589,43,-1
286,83,-1
515,93,-1
269,201,-1
296,498,-1
