168,34,1
527,316,1
584,454,1
299,56,1
466,466,1
75,385,1
607,454,1
587,125,1
124,299,1
102,483,1
51,528,1
550,477,1
570,326,1
88,148,1
302,406,1
121,574,1
31,424,1
592,245,1
238,63,1
50,75,1
207,201,1
561,433,1
434,207,1
392,296,1
585,491,1
366,590,1
446,622,1
555,570,1
588,211,1
138,509,1
493,86,-1
534,19,-1
360,324,-1
263,81,-1
433,61,-1
47,485,-1
287,609,-1
404,474,-1
195,218,-1
359,43,-1
545,424,-1
255,59,-1
323,461,-1
325,26,-1
454,187,-1
351,539,-1
211,0,-1
450,442,-1
564,604,-1
132,622,-1
319,562,-1
493,219,-1
506,224,-1
271,487,-1
493,49,-1
401,364,-1
506,46,-1
474,478,-1
83,607,-1
96,405,-1
538,482,-1
498,21,-1
