206,337,1
118,22,1
8,82,1
519,169,1
204,276,1
44,70,1
65,63,1
431,606,1
542,270,1
146,569,1
362,455,1
446,200,1
210,110,1
103,453,1
144,547,1
105,255,1
147,257,1
245,531,1
621,585,1
491,320,1
380,616,1
183,167,1
391,114,1
94,69,1
418,29,1
397,20,1
235,206,1
32,414,1
175,181,1
214,154,1
528,597,1
64,217,1
264,569,1
94,113,1
29,142,1
276,211,1
210,496,1
507,2,1
308,402,1
400,372,-1
73,260,-1
411,243,-1
624,36,-1
113,160,-1
437,543,-1
80,271,-1
27,534,-1
205,393,-1
86,378,-1
254,520,-1
377,136,-1
41,202,-1
5,491,-1
110,171,-1
539,100,-1
324,130,-1
294,497,-1
274,598,-1
135,566,-1
364,77,-1
190,265,-1
449,407,-1
387,465,-1
603,91,-1
78,548,-1
528,87,-1
14,252,-1
265,290,-1
550,30,-1
144,589,-1
389,609,-1
408,82,-1
374,233,-1
31,435,-1
332,74,-1
172,453,-1
398,335,-1
94,403,-1
135,430,-1
474,229,-1
44,401,-1
459,192,-1
180,412,-1
216,192,-1
225,287,-1
476,173,-1
547,410,-1
177,284,-1
511,459,-1
584,547,-1
13,535,-1
220,95,-1
146,566,-1
