175,225,1
196,469,1
537,85,1
502,476,1
615,76,1
185,230,1
535,575,1
584,400,1
366,589,1
167,161,1
68,45,1
432,475,1
391,398,1
512,45,1
250,290,1
6,95,1
444,183,1
112,1,1
189,287,1
201,497,1
550,255,1
494,338,1
483,461,1
349,8,1
604,481,1
583,612,1
279,428,1
522,298,1
448,348,1
317,519,1
391,143,1
151,210,1
224,448,1
579,440,1
481,427,1
19,517,1
516,144,1
33,11,1
579,490,1
203,436,1
47,92,1
622,105,1
276,77,1
35,67,1
456,490,1
555,331,1
434,230,1
131,573,1
460,427,1
566,588,1
44,369,1
495,410,1
180,606,1
29,184,1
106,276,1
622,433,1
349,184,1
5,247,1
49,5,1
617,400,1
182,246,1
421,68,1
599,238,1
475,450,1
579,247,-1
211,183,-1
348,85,-1
398,315,-1
345,35,-1
554,288,-1
75,42,-1
44,230,-1
325,265,-1
152,269,-1
183,341,-1
290,208,-1
312,560,-1
462,161,-1
137,576,-1
195,266,-1
72,436,-1
257,506,-1
400,539,-1
374,156,-1
92,231,-1
356,44,-1
481,521,-1
219,176,-1
123,160,-1
286,548,-1
415,69,-1
130,363,-1
83,605,-1
402,49,-1
21,366,-1
524,495,-1
349,559,-1
107,461,-1
393,211,-1
309,536,-1
260,561,-1
474,416,-1
566,33,-1
215,68,-1
39,607,-1
413,78,-1
373,400,-1
197,380,-1
100,520,-1
169,406,-1
282,181,-1
190,546,-1
12,260,-1
488,44,-1
443,311,-1
497,274,-1
486,121,-1
234,406,-1
529,18,-1
438,479,-1
332,157,-1
260,102,-1
588,88,-1
233,91,-1
331,439,-1
