599,107,1
456,51,1
393,264,1
387,54,1
183,264,1
533,484,1
149,543,1
509,9,1
486,125,1
174,131,1
373,54,1
243,27,1
161,86,1
493,527,1
370,360,1
610,501,1
95,391,1
255,591,1
562,488,1
240,308,1
187,448,1
460,609,1
114,291,1
222,414,1
534,598,1
190,375,1
466,470,1
499,259,1
122,240,-1
174,597,-1
439,478,-1
360,59,-1
58,505,-1
109,165,-1
606,443,-1
313,250,-1
44,566,-1
294,487,-1
126,352,-1
564,388,-1
0,587,-1
422,78,-1
56,565,-1
30,552,-1
561,252,-1
322,579,-1
343,491,-1
416,510,-1
426,171,-1
412,0,-1
515,394,-1
371,119,-1
145,315,-1
73,52,-1
151,49,-1
190,208,-1
331,7,-1
279,10,-1
56,487,-1
198,553,-1
439,502,-1
181,297,-1
