382,136,1
56,43,1
577,305,1
571,305,1
296,248,1
187,67,1
472,285,1
477,290,1
12,523,1
214,29,1
486,619,1
137,117,1
443,417,1
58,547,1
575,405,1
245,85,1
440,201,1
144,168,1
536,177,1
403,320,1
1,79,1
219,419,1
371,241,1
455,553,1
247,239,1
240,515,1
46,262,1
497,596,1
403,587,1
290,315,1
203,407,1
420,541,1
64,118,1
599,133,1
469,22,1
467,620,1
253,524,1
510,484,1
395,92,1
22,547,1
469,386,1
22,447,1
190,401,1
536,491,1
291,79,1
470,240,1
226,232,1
573,293,1
226,492,1
43,222,1
348,545,-1
501,121,-1
125,19,-1
534,473,-1
436,263,-1
241,298,-1
347,375,-1
417,338,-1
238,483,-1
234,142,-1
274,435,-1
129,353,-1
395,477,-1
275,508,-1
312,303,-1
49,540,-1
360,381,-1
417,598,-1
492,522,-1
182,125,-1
434,154,-1
296,153,-1
355,158,-1
52,348,-1
186,82,-1
388,605,-1
261,306,-1
552,183,-1
388,202,-1
507,430,-1
328,59,-1
290,263,-1
108,457,-1
205,272,-1
399,528,-1
500,539,-1
230,468,-1
413,557,-1
434,222,-1
354,8,-1
573,585,-1
366,208,-1
169,333,-1
306,142,-1
209,208,-1
224,115,-1
144,278,-1
624,5,-1
526,154,-1
374,245,-1
161,438,-1
350,104,-1
332,198,-1
463,319,-1
66,434,-1
102,144,-1
204,78,-1
48,179,-1
266,156,-1
243,305,-1
513,377,-1
326,339,-1
225,291,-1
472,263,-1
358,508,-1
465,157,-1
135,465,-1
0,497,-1
33,400,-1
623,1,-1
599,206,-1
296,282,-1
555,264,-1
274,505,-1
596,286,-1
