439,519,1
393,421,1
58,32,1
606,487,1
313,5,1
149,284,1
174,218,1
343,516,1
243,396,1
426,500,1
370,240,1
95,143,1
255,207,1
562,255,1
145,547,1
460,602,1
114,258,1
222,23,1
190,233,1
331,366,1
56,218,1
198,111,1
51,403,1
505,560,1
487,485,1
388,549,1
54,132,1
587,531,1
78,182,1
9,369,1
54,223,1
552,581,1
510,351,1
27,41,1
171,313,1
527,367,1
360,500,1
501,204,1
488,415,1
315,510,1
308,453,1
448,217,1
291,137,1
487,346,1
553,506,1
470,583,1
586,302,1
122,610,-1
174,151,-1
360,564,-1
599,156,-1
456,448,-1
109,281,-1
44,457,-1
294,498,-1
126,29,-1
564,548,-1
387,445,-1
0,2,-1
183,227,-1
533,22,-1
422,460,-1
509,460,-1
486,296,-1
56,335,-1
373,435,-1
30,318,-1
561,499,-1
322,589,-1
416,360,-1
161,26,-1
493,494,-1
412,454,-1
515,121,-1
371,569,-1
610,81,-1
240,418,-1
73,377,-1
187,540,-1
151,309,-1
534,335,-1
190,118,-1
279,37,-1
466,217,-1
439,246,-1
181,264,-1
499,556,-1
240,148,-1
597,116,-1
478,54,-1
59,450,-1
107,466,-1
264,607,-1
165,373,-1
443,407,-1
250,19,-1
566,296,-1
352,234,-1
264,185,-1
484,542,-1
543,182,-1
125,514,-1
565,284,-1
131,480,-1
252,488,-1
579,5,-1
491,199,-1
86,400,-1
0,532,-1
394,327,-1
119,529,-1
391,613,-1
591,414,-1
52,603,-1
609,323,-1
49,528,-1
414,622,-1
598,369,-1
375,438,-1
208,366,-1
7,355,-1
10,186,-1
502,130,-1
297,360,-1
259,553,-1
