340,434,1
360,403,1
620,452,1
269,214,1
61,121,1
143,117,1
349,123,1
315,560,1
530,354,1
102,613,1
440,285,1
170,6,1
476,559,1
491,480,1
533,551,1
559,597,1
394,417,1
2,321,1
422,198,1
199,569,1
376,277,1
217,86,1
603,497,1
293,261,1
363,359,1
423,399,1
46,142,1
382,212,1
112,262,1
215,385,1
226,229,1
6,139,1
267,62,1
456,489,1
473,42,1
527,605,1
28,513,1
169,29,1
144,386,1
161,291,1
493,301,1
519,34,1
476,362,1
192,137,1
184,569,1
280,75,1
152,110,1
541,337,1
2,396,1
354,406,1
451,624,-1
361,271,-1
133,357,-1
136,326,-1
48,432,-1
85,252,-1
115,324,-1
458,447,-1
354,172,-1
270,362,-1
349,378,-1
563,174,-1
410,474,-1
322,460,-1
9,178,-1
381,396,-1
494,457,-1
81,275,-1
347,220,-1
575,448,-1
598,209,-1
31,435,-1
20,482,-1
28,588,-1
548,216,-1
123,416,-1
614,128,-1
450,270,-1
466,82,-1
550,339,-1
310,38,-1
351,299,-1
160,123,-1
7,563,-1
393,618,-1
426,42,-1
19,336,-1
304,343,-1
528,112,-1
206,171,-1
118,425,-1
105,23,-1
248,454,-1
98,466,-1
412,77,-1
483,388,-1
75,26,-1
174,237,-1
220,21,-1
147,405,-1
570,268,-1
381,241,-1
375,212,-1
380,242,-1
555,113,-1
611,132,-1
586,94,-1
454,572,-1
418,484,-1
150,88,-1
341,564,-1
561,187,-1
419,356,-1
560,88,-1
423,357,-1
463,514,-1
297,602,-1
14,102,-1
205,98,-1
572,316,-1
140,115,-1
7,594,-1
199,582,-1
54,356,-1
10,452,-1
