365,101,1
335,554,1
362,552,1
281,585,1
513,193,1
495,580,1
161,157,1
324,36,1
130,60,1
204,206,1
450,404,1
410,358,1
527,466,1
433,567,1
127,172,1
319,519,1
147,469,1
284,424,1
555,77,1
57,39,1
341,151,1
82,549,1
553,619,1
123,289,1
536,485,1
42,474,1
75,327,1
545,455,1
303,335,1
125,295,1
251,355,1
70,57,1
227,9,-1
618,124,-1
318,77,-1
75,322,-1
333,149,-1
26,460,-1
622,3,-1
264,233,-1
31,458,-1
473,306,-1
342,623,-1
197,475,-1
485,284,-1
485,494,-1
62,604,-1
592,213,-1
194,575,-1
322,603,-1
597,216,-1
306,234,-1
538,76,-1
119,301,-1
326,120,-1
234,313,-1
63,204,-1
129,406,-1
548,563,-1
68,491,-1
197,451,-1
129,611,-1
