172,53,1
117,84,1
323,324,1
251,262,1
211,131,1
292,143,1
87,148,1
70,227,1
88,279,1
314,207,1
193,341,1
174,69,1
88,169,1
337,163,1
333,94,1
72,256,1
115,292,1
243,304,1
197,349,1
338,42,1
99,201,1
177,0,1
147,187,1
265,62,1
127,123,1
32,82,1
202,148,1
151,50,1
163,270,1
28,58,1
290,193,1
244,11,1
273,258,1
335,307,1
105,80,1
42,32,1
31,182,1
321,294,1
119,42,1
99,280,1
47,121,-1
192,203,-1
195,47,-1
9,127,-1
277,180,-1
242,334,-1
39,48,-1
87,305,-1
165,95,-1
25,197,-1
265,178,-1
335,98,-1
243,43,-1
285,23,-1
147,130,-1
288,98,-1
185,222,-1
31,227,-1
244,209,-1
183,41,-1
128,36,-1
128,266,-1
53,86,-1
38,43,-1
257,128,-1
57,275,-1
291,174,-1
267,184,-1
82,77,-1
91,286,-1
