227,123,1
335,42,1
336,36,1
333,197,1
185,303,1
26,125,1
161,251,1
15,73,1
342,193,1
197,322,1
62,149,1
127,157,1
319,278,1
284,233,1
57,206,1
334,121,1
296,306,1
326,111,1
63,55,1
266,302,1
323,92,1
341,213,1
201,41,-1
106,24,-1
318,75,-1
281,33,-1
1,68,-1
75,271,-1
236,70,-1
110,129,-1
324,9,-1
264,124,-1
130,101,-1
204,42,-1
31,40,-1
125,77,-1
114,319,-1
132,153,-1
80,234,-1
194,68,-1
322,142,-1
147,3,-1
85,161,-1
124,36,-1
43,60,-1
306,250,-1
26,186,-1
119,198,-1
234,290,-1
218,284,-1
129,63,-1
82,172,-1
