56,219,1
125,205,1
59,240,1
296,46,1
250,230,1
117,169,1
221,306,1
238,176,1
187,209,1
120,144,1
274,312,1
214,112,1
129,203,1
227,157,1
275,347,1
137,64,1
208,87,1
312,161,1
49,210,1
58,341,1
205,215,1
221,253,1
182,240,1
278,332,1
296,22,1
260,297,1
245,66,1
186,204,1
330,274,1
239,243,1
261,22,1
24,285,1
40,227,1
348,1,-1
126,290,-1
251,108,-1
65,247,-1
22,114,-1
241,61,-1
248,147,-1
347,170,-1
318,224,-1
234,290,-1
12,170,-1
184,14,-1
119,210,-1
141,144,-1
63,350,-1
52,102,-1
128,48,-1
144,266,-1
328,190,-1
