249,219,1
131,336,1
277,274,1
147,331,1
169,223,1
119,48,1
337,2,1
150,156,1
322,36,1
258,346,1
110,182,1
318,312,1
7,104,1
171,295,1
176,176,1
0,76,1
274,300,1
165,44,1
33,178,1
117,52,1
235,257,1
152,99,-1
256,160,-1
202,183,-1
138,141,-1
148,289,-1
93,308,-1
26,242,-1
316,232,-1
129,172,-1
346,176,-1
69,315,-1
97,91,-1
106,277,-1
152,113,-1
33,285,-1
335,160,-1
293,9,-1
20,33,-1
350,216,-1
49,311,-1
206,267,-1
28,212,-1
54,208,-1
192,324,-1
184,275,-1
165,120,-1
253,226,-1
174,167,-1
113,35,-1
1,173,-1
341,242,-1
