122,250,1
58,264,1
252,31,1
109,296,1
94,78,1
313,125,1
164,53,1
52,131,1
0,260,1
183,54,1
174,150,1
136,234,1
343,316,1
243,86,1
161,127,1
207,119,1
98,126,1
95,230,1
50,315,1
145,308,1
217,215,1
176,49,1
22,86,1
190,148,1
56,179,1
237,143,1
199,297,1
181,259,1
85,98,1
335,151,1
264,32,1
165,281,1
328,293,1
174,54,-1
197,158,-1
87,54,-1
306,75,-1
311,9,-1
44,196,-1
294,114,-1
126,187,-1
21,40,-1
149,252,-1
201,224,-1
56,67,-1
194,181,-1
30,236,-1
49,273,-1
322,27,-1
168,171,-1
288,15,-1
126,141,-1
3,0,-1
255,79,-1
240,52,-1
73,97,-1
187,174,-1
151,252,-1
114,291,-1
222,321,-1
190,330,-1
331,208,-1
279,7,-1
198,10,-1
231,41,-1
240,74,-1
292,7,-1
59,52,-1
107,156,-1
51,115,-1
