175,92,1
25,224,1
103,219,1
185,4,1
345,123,1
42,286,1
167,229,1
68,329,1
75,83,1
275,203,1
191,272,1
325,12,1
312,349,1
183,233,1
251,323,1
201,276,1
38,309,1
260,315,1
343,304,1
195,260,1
72,299,1
257,54,1
192,43,1
349,215,1
279,285,1
233,54,1
151,149,1
196,247,-1
67,149,-1
211,67,-1
348,19,-1
23,275,-1
72,33,-1
218,185,-1
0,130,-1
311,21,-1
250,119,-1
6,67,-1
44,47,-1
152,107,-1
112,332,-1
189,110,-1
290,142,-1
312,124,-1
137,35,-1
339,250,-1
92,39,-1
252,131,-1
71,335,-1
10,136,-1
291,166,-1
317,198,-1
