37,25,1
72,282,1
255,153,1
133,22,1
335,265,1
237,155,1
281,313,1
178,83,1
50,279,1
68,143,1
215,239,1
86,281,1
141,243,1
319,74,1
22,302,1
316,183,1
209,321,1
264,333,1
141,253,1
115,262,1
121,52,1
30,2,1
313,203,1
43,200,1
26,332,1
336,20,1
109,30,1
297,36,1
64,301,1
196,57,1
235,226,-1
203,104,-1
144,195,-1
129,126,-1
71,279,-1
276,166,-1
254,136,-1
252,288,-1
156,266,-1
241,87,-1
7,348,-1
317,190,-1
313,216,-1
1,151,-1
216,259,-1
71,76,-1
49,149,-1
3,263,-1
280,77,-1
76,75,-1
308,43,-1
15,263,-1
