8,338,1
204,126,1
113,165,1
80,94,1
205,325,1
65,188,1
30,347,1
146,120,1
254,225,1
137,207,1
210,35,1
103,276,1
110,13,1
164,220,1
179,239,1
27,146,1
287,308,1
258,337,1
324,22,1
294,314,1
105,348,1
147,260,1
274,82,1
245,243,1
135,36,1
109,169,1
190,160,1
267,266,1
183,271,1
78,70,1
217,94,1
341,270,1
14,147,1
287,8,1
38,121,1
303,268,1
144,148,1
173,315,1
232,200,1
31,160,1
32,143,1
206,332,-1
189,172,-1
118,175,-1
73,94,-1
228,135,-1
231,214,-1
112,16,-1
158,64,-1
208,264,-1
7,44,-1
27,233,-1
44,180,-1
203,210,-1
86,29,-1
125,216,-1
41,326,-1
144,177,-1
5,72,-1
314,160,-1
256,210,-1
158,276,-1
323,31,-1
91,22,-1
289,63,-1
16,194,-1
94,57,-1
265,136,-1
187,200,-1
235,202,-1
