235,239,1
255,281,1
203,243,1
133,348,1
335,74,1
144,190,1
129,302,1
71,216,1
237,151,1
281,183,1
276,333,1
254,259,1
50,52,1
68,2,1
215,76,1
241,149,1
86,203,1
141,263,1
7,77,1
22,332,1
316,30,1
209,36,1
264,263,1
30,96,1
313,279,1
43,202,1
308,193,1
336,94,1
109,60,1
196,220,1
153,338,1
104,198,1
265,327,1
313,20,1
83,118,1
136,114,1
288,97,1
266,181,1
279,340,1
37,143,-1
72,87,-1
178,321,-1
252,253,-1
156,262,-1
319,200,-1
317,75,-1
313,43,-1
1,20,-1
216,301,-1
141,57,-1
115,240,-1
121,210,-1
71,269,-1
49,10,-1
3,337,-1
280,152,-1
76,148,-1
26,140,-1
297,152,-1
15,338,-1
64,130,-1
25,103,-1
226,266,-1
282,182,-1
22,194,-1
195,176,-1
126,54,-1
279,15,-1
155,170,-1
166,278,-1
