340,105,1
133,276,1
136,248,1
191,215,1
85,152,1
316,6,1
115,255,1
155,133,1
269,147,1
61,75,1
143,267,1
18,167,1
270,147,1
309,99,1
327,169,1
322,161,1
9,190,1
271,264,1
347,297,1
63,150,1
173,157,1
200,236,1
223,48,1
47,188,1
2,280,1
199,288,1
123,297,1
217,14,1
310,2,1
122,140,1
329,317,1
230,112,1
19,124,1
315,291,1
304,271,1
16,337,1
118,252,1
249,324,1
244,246,1
183,296,1
339,98,-1
48,226,-1
108,322,-1
349,174,-1
315,220,-1
102,58,-1
349,43,-1
265,15,-1
51,28,-1
315,144,-1
170,74,-1
229,7,-1
81,339,-1
86,204,-1
31,341,-1
20,49,-1
21,285,-1
28,192,-1
320,184,-1
36,152,-1
102,205,-1
91,60,-1
293,130,-1
38,29,-1
46,7,-1
134,199,-1
160,54,-1
7,10,-1
112,326,-1
206,307,-1
