152,172,1
131,315,1
147,277,1
169,312,1
138,104,1
119,295,1
93,160,1
150,33,1
258,311,1
316,267,1
97,300,1
7,226,1
171,167,1
33,178,1
20,52,1
350,257,1
28,215,1
0,62,1
274,135,1
165,32,1
184,252,1
165,92,1
253,316,1
113,8,1
341,264,1
235,76,1
336,26,1
160,178,1
274,60,1
331,133,1
141,337,1
289,32,1
308,141,1
36,292,1
249,176,-1
256,182,-1
277,91,-1
202,113,-1
148,285,-1
26,176,-1
337,9,-1
322,216,-1
129,212,-1
346,208,-1
69,76,-1
110,324,-1
106,44,-1
152,275,-1
318,120,-1
335,35,-1
176,173,-1
293,242,-1
49,274,-1
206,2,-1
54,148,-1
192,22,-1
174,283,-1
33,309,-1
1,276,-1
117,152,-1
99,19,-1
219,100,-1
183,212,-1
223,106,-1
48,9,-1
242,44,-1
2,71,-1
156,348,-1
346,200,-1
232,26,-1
