172,128,1
47,53,1
117,38,1
192,244,1
323,273,1
251,335,1
195,105,1
277,257,1
70,119,1
88,267,1
314,82,1
87,53,1
88,84,1
337,203,1
165,324,1
72,127,1
265,131,1
243,334,1
197,143,1
338,227,1
99,279,1
177,207,1
243,341,1
285,48,1
147,305,1
288,169,1
265,163,1
127,197,1
32,94,1
202,178,1
151,304,1
163,349,1
28,42,1
290,201,1
9,42,-1
211,31,-1
242,321,-1
292,57,-1
87,291,-1
193,91,-1
39,99,-1
174,121,-1
25,262,-1
333,47,-1
115,180,-1
335,148,-1
147,69,-1
185,95,-1
31,256,-1
244,292,-1
183,98,-1
128,0,-1
