15,168,1
299,125,1
263,343,1
47,224,1
319,16,1
287,311,1
116,43,1
167,326,1
102,59,1
260,273,1
58,295,1
255,319,1
323,239,1
88,187,1
211,255,1
80,62,1
52,245,1
50,292,1
132,63,1
218,75,1
207,50,1
295,135,1
271,338,1
233,207,1
247,219,1
248,238,1
73,224,1
96,329,1
76,288,1
254,272,1
316,191,1
137,211,1
86,97,1
56,107,1
168,324,-1
72,81,-1
22,61,-1
75,97,-1
162,299,-1
95,308,-1
75,229,-1
213,218,-1
218,123,-1
124,149,-1
293,208,-1
195,202,-1
51,143,-1
38,158,-1
33,26,-1
325,148,-1
196,177,-1
302,250,-1
121,27,-1
31,0,-1
238,92,-1
319,110,-1
49,201,-1
136,249,-1
185,49,-1
252,296,-1
83,46,-1
43,78,-1
288,110,-1
26,95,-1
138,58,-1
296,21,-1
34,234,-1
246,348,-1
326,51,-1
19,8,-1
