168,252,1
15,83,1
72,96,1
299,288,1
263,76,1
95,138,1
213,34,1
319,137,1
116,19,1
293,56,1
167,324,1
102,81,1
38,97,1
58,299,1
255,308,1
323,229,1
302,311,1
211,123,1
121,149,1
31,43,1
52,326,1
238,202,1
207,26,1
295,319,1
233,187,1
247,177,1
248,250,1
22,43,-1
75,26,-1
162,254,-1
75,296,-1
47,316,-1
287,246,-1
218,326,-1
124,86,-1
195,168,-1
260,61,-1
51,125,-1
33,343,-1
325,218,-1
88,224,-1
196,16,-1
80,208,-1
50,59,-1
132,273,-1
218,143,-1
319,158,-1
49,295,-1
136,239,-1
271,148,-1
73,255,-1
185,27,-1
