197,56,1
87,198,1
306,231,1
58,237,1
109,181,1
313,335,1
294,107,1
126,51,1
52,264,1
0,165,1
183,328,1
21,250,1
149,54,1
56,54,1
194,75,1
343,125,1
168,53,1
288,187,1
207,54,1
95,252,1
145,181,1
240,150,1
73,234,1
187,273,1
176,27,1
151,316,1
22,127,1
190,15,1
122,331,-1
174,279,-1
252,199,-1
94,240,-1
311,85,-1
164,292,-1
44,59,-1
201,158,-1
174,264,-1
30,31,-1
136,296,-1
49,78,-1
322,9,-1
243,196,-1
161,114,-1
126,131,-1
3,260,-1
98,40,-1
255,224,-1
50,67,-1
217,236,-1
114,171,-1
222,86,-1
190,141,-1
