340,310,1
48,329,1
85,7,1
155,315,1
269,16,1
61,112,1
315,249,1
270,183,1
349,276,1
51,98,1
309,215,1
322,255,1
229,322,1
347,267,1
63,174,1
20,147,1
173,58,1
21,43,1
200,15,1
28,28,1
223,99,1
2,74,1
199,161,1
217,339,1
133,122,-1
136,46,-1
339,134,-1
191,160,-1
316,230,-1
115,19,-1
108,304,-1
143,206,-1
349,118,-1
18,244,-1
102,105,-1
265,248,-1
327,226,-1
315,152,-1
170,6,-1
9,133,-1
81,147,-1
271,75,-1
86,220,-1
31,167,-1
47,169,-1
320,144,-1
36,190,-1
123,7,-1
102,264,-1
91,297,-1
293,150,-1
38,204,-1
