201,42,1
227,40,1
106,77,1
336,193,1
318,319,1
281,322,1
185,68,1
26,157,1
110,3,1
324,161,1
264,36,1
31,206,1
15,186,1
342,121,1
114,198,1
197,306,1
62,290,1
80,284,1
194,55,1
127,302,1
322,92,1
319,213,1
85,172,1
284,145,1
43,91,1
57,7,1
326,336,1
234,234,1
341,335,1
129,313,1
41,238,1
123,151,1
42,295,1
36,219,1
75,37,1
271,289,1
197,278,1
125,327,1
251,328,1
70,335,1
129,295,1
124,57,1
101,99,1
335,73,-1
1,153,-1
75,149,-1
333,234,-1
161,142,-1
236,278,-1
130,233,-1
204,60,-1
125,250,-1
132,111,-1
147,63,-1
124,257,-1
306,228,-1
26,216,-1
334,77,-1
119,39,-1
296,120,-1
218,76,-1
63,301,-1
266,172,-1
323,120,-1
82,204,-1
24,176,-1
33,107,-1
68,126,-1
303,51,-1
9,261,-1
