348,290,1
126,144,1
251,312,1
22,203,1
296,347,1
250,210,1
241,64,1
248,87,1
117,161,1
187,215,1
318,253,1
234,240,1
12,332,1
274,22,1
275,48,1
119,274,1
137,266,1
312,22,1
141,227,1
221,326,1
278,296,1
296,135,1
260,0,1
245,173,1
128,186,1
330,291,1
144,226,1
328,296,1
1,43,1
219,113,1
205,84,1
114,43,1
240,136,1
61,43,1
169,341,1
306,263,1
56,170,-1
125,112,-1
65,14,-1
59,157,-1
347,210,-1
221,144,-1
238,341,-1
120,350,-1
214,297,-1
184,66,-1
129,102,-1
227,204,-1
208,243,-1
49,285,-1
58,190,-1
205,1,-1
182,225,-1
63,24,-1
52,33,-1
186,111,-1
239,144,-1
261,87,-1
24,61,-1
40,226,-1
290,184,-1
108,274,-1
247,202,-1
46,33,-1
230,121,-1
147,19,-1
170,305,-1
176,305,-1
209,248,-1
224,314,-1
