175,119,1
196,67,1
67,47,1
211,272,1
103,12,1
348,349,1
185,107,1
72,332,1
345,323,1
218,142,1
68,276,1
0,309,1
6,260,1
275,299,1
191,54,1
312,215,1
152,39,1
183,131,1
251,285,1
290,54,1
38,149,1
260,44,1
137,135,1
343,209,1
195,197,1
257,169,1
192,29,1
349,282,1
92,320,1
252,252,1
71,190,1
233,12,1
92,349,1
224,17,1
4,105,1
286,149,1
185,260,1
229,76,1
329,233,1
25,203,-1
23,233,-1
42,110,-1
167,124,-1
75,315,-1
311,35,-1
250,304,-1
44,250,-1
325,43,-1
112,335,-1
189,136,-1
312,166,-1
201,198,-1
72,100,-1
339,180,-1
279,214,-1
10,226,-1
291,134,-1
317,106,-1
151,110,-1
247,234,-1
149,5,-1
67,335,-1
219,49,-1
19,332,-1
275,182,-1
33,175,-1
123,87,-1
130,331,-1
83,262,-1
21,225,-1
