189,289,1
8,16,1
231,14,1
204,144,1
113,173,1
80,187,1
203,32,1
86,175,1
125,94,1
254,135,1
103,264,1
5,126,1
314,165,1
256,94,1
164,180,1
179,325,1
27,210,1
258,347,1
147,225,1
274,207,1
245,326,1
109,276,1
91,220,1
206,78,-1
118,217,-1
73,341,-1
228,94,-1
112,287,-1
158,265,-1
208,38,-1
7,303,-1
27,235,-1
44,232,-1
205,31,-1
65,332,-1
30,172,-1
146,338,-1
137,214,-1
41,16,-1
210,64,-1
144,44,-1
110,233,-1
287,188,-1
324,29,-1
294,216,-1
105,120,-1
135,35,-1
158,177,-1
190,72,-1
267,160,-1
323,210,-1
183,13,-1
