-0.707107,-0.707107,-0.707107,-0.707107,2
-0.707107,-0.707107,-0.707107,-0.353553,3
-0.707107,-0.707107,-0.707107,0.000000,3
-0.707107,-0.707107,-0.707107,0.353553,3
-0.707107,-0.707107,-0.707107,0.707107,3
-0.707107,-0.707107,-0.353553,-0.707107,3
-0.707107,-0.707107,-0.353553,-0.353553,3
-0.707107,-0.707107,-0.353553,0.000000,3
-0.707107,-0.707107,-0.353553,0.353553,3
-0.707107,-0.707107,-0.353553,0.707107,3
-0.707107,-0.707107,0.000000,-0.707107,3
-0.707107,-0.707107,0.000000,-0.353553,3
-0.707107,-0.707107,0.000000,0.000000,3
-0.707107,-0.707107,0.000000,0.353553,3
-0.707107,-0.707107,0.000000,0.707107,3
-0.707107,-0.707107,0.353553,-0.707107,3
-0.707107,-0.707107,0.353553,-0.353553,3
-0.707107,-0.707107,0.353553,0.000000,3
-0.707107,-0.707107,0.353553,0.353553,3
-0.707107,-0.707107,0.353553,0.707107,3
-0.707107,-0.707107,0.707107,-0.707107,3
-0.707107,-0.707107,0.707107,-0.353553,3
-0.707107,-0.707107,0.707107,0.000000,3
-0.707107,-0.707107,0.707107,0.353553,3
-0.707107,-0.707107,0.707107,0.707107,3
-0.707107,-0.353553,-0.707107,-0.707107,1
-0.707107,-0.353553,-0.707107,-0.353553,2
-0.707107,-0.353553,-0.707107,0.000000,3
-0.707107,-0.353553,-0.707107,0.353553,3
-0.707107,-0.353553,-0.707107,0.707107,3
-0.707107,-0.353553,-0.353553,-0.707107,2
-0.707107,-0.353553,-0.353553,-0.353553,3
-0.707107,-0.353553,-0.353553,0.000000,3
-0.707107,-0.353553,-0.353553,0.353553,3
-0.707107,-0.353553,-0.353553,0.707107,3
-0.707107,-0.353553,0.000000,-0.707107,3
-0.707107,-0.353553,0.000000,-0.353553,3
-0.707107,-0.353553,0.000000,0.000000,3
-0.707107,-0.353553,0.000000,0.353553,3
-0.707107,-0.353553,0.000000,0.707107,3
-0.707107,-0.353553,0.353553,-0.707107,3
-0.707107,-0.353553,0.353553,-0.353553,3
-0.707107,-0.353553,0.353553,0.000000,3
-0.707107,-0.353553,0.353553,0.353553,3
-0.707107,-0.353553,0.353553,0.707107,3
-0.707107,-0.353553,0.707107,-0.707107,3
-0.707107,-0.353553,0.707107,-0.353553,3
-0.707107,-0.353553,0.707107,0.000000,3
-0.707107,-0.353553,0.707107,0.353553,3
-0.707107,-0.353553,0.707107,0.707107,3
-0.707107,0.000000,-0.707107,-0.707107,1
-0.707107,0.000000,-0.707107,-0.353553,1
-0.707107,0.000000,-0.707107,0.000000,2
-0.707107,0.000000,-0.707107,0.353553,3
-0.707107,0.000000,-0.707107,0.707107,3
-0.707107,0.000000,-0.353553,-0.707107,1
-0.707107,0.000000,-0.353553,-0.353553,3
-0.707107,0.000000,-0.353553,0.000000,3
-0.707107,0.000000,-0.353553,0.353553,3
-0.707107,0.000000,-0.353553,0.707107,3
-0.707107,0.000000,0.000000,-0.707107,2
-0.707107,0.000000,0.000000,-0.353553,3
-0.707107,0.000000,0.000000,0.000000,3
-0.707107,0.000000,0.000000,0.353553,3
-0.707107,0.000000,0.000000,0.707107,3
-0.707107,0.000000,0.353553,-0.707107,3
-0.707107,0.000000,0.353553,-0.353553,3
-0.707107,0.000000,0.353553,0.000000,3
-0.707107,0.000000,0.353553,0.353553,3
-0.707107,0.000000,0.353553,0.707107,3
-0.707107,0.000000,0.707107,-0.707107,3
-0.707107,0.000000,0.707107,-0.353553,3
-0.707107,0.000000,0.707107,0.000000,3
-0.707107,0.000000,0.707107,0.353553,3
-0.707107,0.000000,0.707107,0.707107,3
-0.707107,0.353553,-0.707107,-0.707107,1
-0.707107,0.353553,-0.707107,-0.353553,1
-0.707107,0.353553,-0.707107,0.000000,1
-0.707107,0.353553,-0.707107,0.353553,2
-0.707107,0.353553,-0.707107,0.707107,3
-0.707107,0.353553,-0.353553,-0.707107,1
-0.707107,0.353553,-0.353553,-0.353553,2
-0.707107,0.353553,-0.353553,0.000000,3
-0.707107,0.353553,-0.353553,0.353553,3
-0.707107,0.353553,-0.353553,0.707107,3
-0.707107,0.353553,0.000000,-0.707107,1
-0.707107,0.353553,0.000000,-0.353553,3
-0.707107,0.353553,0.000000,0.000000,3
-0.707107,0.353553,0.000000,0.353553,3
-0.707107,0.353553,0.000000,0.707107,3
-0.707107,0.353553,0.353553,-0.707107,2
-0.707107,0.353553,0.353553,-0.353553,3
-0.707107,0.353553,0.353553,0.000000,3
-0.707107,0.353553,0.353553,0.353553,3
-0.707107,0.353553,0.353553,0.707107,3
-0.707107,0.353553,0.707107,-0.707107,3
-0.707107,0.353553,0.707107,-0.353553,3
-0.707107,0.353553,0.707107,0.000000,3
-0.707107,0.353553,0.707107,0.353553,3
-0.707107,0.353553,0.707107,0.707107,3
-0.707107,0.707107,-0.707107,-0.707107,1
-0.707107,0.707107,-0.707107,-0.353553,1
-0.707107,0.707107,-0.707107,0.000000,1
-0.707107,0.707107,-0.707107,0.353553,1
-0.707107,0.707107,-0.707107,0.707107,2
-0.707107,0.707107,-0.353553,-0.707107,1
-0.707107,0.707107,-0.353553,-0.353553,1
-0.707107,0.707107,-0.353553,0.000000,3
-0.707107,0.707107,-0.353553,0.353553,3
-0.707107,0.707107,-0.353553,0.707107,3
-0.707107,0.707107,0.000000,-0.707107,1
-0.707107,0.707107,0.000000,-0.353553,3
-0.707107,0.707107,0.000000,0.000000,3
-0.707107,0.707107,0.000000,0.353553,3
-0.707107,0.707107,0.000000,0.707107,3
-0.707107,0.707107,0.353553,-0.707107,1
-0.707107,0.707107,0.353553,-0.353553,3
-0.707107,0.707107,0.353553,0.000000,3
-0.707107,0.707107,0.353553,0.353553,3
-0.707107,0.707107,0.353553,0.707107,3
-0.707107,0.707107,0.707107,-0.707107,2
-0.707107,0.707107,0.707107,-0.353553,3
-0.707107,0.707107,0.707107,0.000000,3
-0.707107,0.707107,0.707107,0.353553,3
-0.707107,0.707107,0.707107,0.707107,3
-0.353553,-0.707107,-0.707107,-0.707107,1
-0.353553,-0.707107,-0.707107,-0.353553,2
-0.353553,-0.707107,-0.707107,0.000000,3
-0.353553,-0.707107,-0.707107,0.353553,3
-0.353553,-0.707107,-0.707107,0.707107,3
-0.353553,-0.707107,-0.353553,-0.707107,2
-0.353553,-0.707107,-0.353553,-0.353553,3
-0.353553,-0.707107,-0.353553,0.000000,3
-0.353553,-0.707107,-0.353553,0.353553,3
-0.353553,-0.707107,-0.353553,0.707107,3
-0.353553,-0.707107,0.000000,-0.707107,3
-0.353553,-0.707107,0.000000,-0.353553,3
-0.353553,-0.707107,0.000000,0.000000,3
-0.353553,-0.707107,0.000000,0.353553,3
-0.353553,-0.707107,0.000000,0.707107,3
-0.353553,-0.707107,0.353553,-0.707107,3
-0.353553,-0.707107,0.353553,-0.353553,3
-0.353553,-0.707107,0.353553,0.000000,3
-0.353553,-0.707107,0.353553,0.353553,3
-0.353553,-0.707107,0.353553,0.707107,3
-0.353553,-0.707107,0.707107,-0.707107,3
-0.353553,-0.707107,0.707107,-0.353553,3
-0.353553,-0.707107,0.707107,0.000000,3
-0.353553,-0.707107,0.707107,0.353553,3
-0.353553,-0.707107,0.707107,0.707107,3
-0.353553,-0.353553,-0.707107,-0.707107,1
-0.353553,-0.353553,-0.707107,-0.353553,1
-0.353553,-0.353553,-0.707107,0.000000,1
-0.353553,-0.353553,-0.707107,0.353553,2
-0.353553,-0.353553,-0.707107,0.707107,3
-0.353553,-0.353553,-0.353553,-0.707107,1
-0.353553,-0.353553,-0.353553,-0.353553,2
-0.353553,-0.353553,-0.353553,0.000000,3
-0.353553,-0.353553,-0.353553,0.353553,3
-0.353553,-0.353553,-0.353553,0.707107,3
-0.353553,-0.353553,0.000000,-0.707107,1
-0.353553,-0.353553,0.000000,-0.353553,3
-0.353553,-0.353553,0.000000,0.000000,3
-0.353553,-0.353553,0.000000,0.353553,3
-0.353553,-0.353553,0.000000,0.707107,3
-0.353553,-0.353553,0.353553,-0.707107,2
-0.353553,-0.353553,0.353553,-0.353553,3
-0.353553,-0.353553,0.353553,0.000000,3
-0.353553,-0.353553,0.353553,0.353553,3
-0.353553,-0.353553,0.353553,0.707107,3
-0.353553,-0.353553,0.707107,-0.707107,3
-0.353553,-0.353553,0.707107,-0.353553,3
-0.353553,-0.353553,0.707107,0.000000,3
-0.353553,-0.353553,0.707107,0.353553,3
-0.353553,-0.353553,0.707107,0.707107,3
-0.353553,0.000000,-0.707107,-0.707107,1
-0.353553,0.000000,-0.707107,-0.353553,1
-0.353553,0.000000,-0.707107,0.000000,1
-0.353553,0.000000,-0.707107,0.353553,1
-0.353553,0.000000,-0.707107,0.707107,1
-0.353553,0.000000,-0.353553,-0.707107,1
-0.353553,0.000000,-0.353553,-0.353553,1
-0.353553,0.000000,-0.353553,0.000000,2
-0.353553,0.000000,-0.353553,0.353553,3
-0.353553,0.000000,-0.353553,0.707107,3
-0.353553,0.000000,0.000000,-0.707107,1
-0.353553,0.000000,0.000000,-0.353553,2
-0.353553,0.000000,0.000000,0.000000,3
-0.353553,0.000000,0.000000,0.353553,3
-0.353553,0.000000,0.000000,0.707107,3
-0.353553,0.000000,0.353553,-0.707107,1
-0.353553,0.000000,0.353553,-0.353553,3
-0.353553,0.000000,0.353553,0.000000,3
-0.353553,0.000000,0.353553,0.353553,3
-0.353553,0.000000,0.353553,0.707107,3
-0.353553,0.000000,0.707107,-0.707107,1
-0.353553,0.000000,0.707107,-0.353553,3
-0.353553,0.000000,0.707107,0.000000,3
-0.353553,0.000000,0.707107,0.353553,3
-0.353553,0.000000,0.707107,0.707107,3
-0.353553,0.353553,-0.707107,-0.707107,1
-0.353553,0.353553,-0.707107,-0.353553,1
-0.353553,0.353553,-0.707107,0.000000,1
-0.353553,0.353553,-0.707107,0.353553,1
-0.353553,0.353553,-0.707107,0.707107,1
-0.353553,0.353553,-0.353553,-0.707107,1
-0.353553,0.353553,-0.353553,-0.353553,1
-0.353553,0.353553,-0.353553,0.000000,1
-0.353553,0.353553,-0.353553,0.353553,2
-0.353553,0.353553,-0.353553,0.707107,3
-0.353553,0.353553,0.000000,-0.707107,1
-0.353553,0.353553,0.000000,-0.353553,1
-0.353553,0.353553,0.000000,0.000000,3
-0.353553,0.353553,0.000000,0.353553,3
-0.353553,0.353553,0.000000,0.707107,3
-0.353553,0.353553,0.353553,-0.707107,1
-0.353553,0.353553,0.353553,-0.353553,2
-0.353553,0.353553,0.353553,0.000000,3
-0.353553,0.353553,0.353553,0.353553,3
-0.353553,0.353553,0.353553,0.707107,3
-0.353553,0.353553,0.707107,-0.707107,1
-0.353553,0.353553,0.707107,-0.353553,3
-0.353553,0.353553,0.707107,0.000000,3
-0.353553,0.353553,0.707107,0.353553,3
-0.353553,0.353553,0.707107,0.707107,3
-0.353553,0.707107,-0.707107,-0.707107,1
-0.353553,0.707107,-0.707107,-0.353553,1
-0.353553,0.707107,-0.707107,0.000000,1
-0.353553,0.707107,-0.707107,0.353553,1
-0.353553,0.707107,-0.707107,0.707107,1
-0.353553,0.707107,-0.353553,-0.707107,1
-0.353553,0.707107,-0.353553,-0.353553,1
-0.353553,0.707107,-0.353553,0.000000,1
-0.353553,0.707107,-0.353553,0.353553,1
-0.353553,0.707107,-0.353553,0.707107,2
-0.353553,0.707107,0.000000,-0.707107,1
-0.353553,0.707107,0.000000,-0.353553,1
-0.353553,0.707107,0.000000,0.000000,1
-0.353553,0.707107,0.000000,0.353553,3
-0.353553,0.707107,0.000000,0.707107,3
-0.353553,0.707107,0.353553,-0.707107,1
-0.353553,0.707107,0.353553,-0.353553,1
-0.353553,0.707107,0.353553,0.000000,3
-0.353553,0.707107,0.353553,0.353553,3
-0.353553,0.707107,0.353553,0.707107,3
-0.353553,0.707107,0.707107,-0.707107,1
-0.353553,0.707107,0.707107,-0.353553,2
-0.353553,0.707107,0.707107,0.000000,3
-0.353553,0.707107,0.707107,0.353553,3
-0.353553,0.707107,0.707107,0.707107,3
0.000000,-0.707107,-0.707107,-0.707107,1
0.000000,-0.707107,-0.707107,-0.353553,1
0.000000,-0.707107,-0.707107,0.000000,2
0.000000,-0.707107,-0.707107,0.353553,3
0.000000,-0.707107,-0.707107,0.707107,3
0.000000,-0.707107,-0.353553,-0.707107,1
0.000000,-0.707107,-0.353553,-0.353553,3
0.000000,-0.707107,-0.353553,0.000000,3
0.000000,-0.707107,-0.353553,0.353553,3
0.000000,-0.707107,-0.353553,0.707107,3
0.000000,-0.707107,0.000000,-0.707107,2
0.000000,-0.707107,0.000000,-0.353553,3
0.000000,-0.707107,0.000000,0.000000,3
0.000000,-0.707107,0.000000,0.353553,3
0.000000,-0.707107,0.000000,0.707107,3
0.000000,-0.707107,0.353553,-0.707107,3
0.000000,-0.707107,0.353553,-0.353553,3
0.000000,-0.707107,0.353553,0.000000,3
0.000000,-0.707107,0.353553,0.353553,3
0.000000,-0.707107,0.353553,0.707107,3
0.000000,-0.707107,0.707107,-0.707107,3
0.000000,-0.707107,0.707107,-0.353553,3
0.000000,-0.707107,0.707107,0.000000,3
0.000000,-0.707107,0.707107,0.353553,3
0.000000,-0.707107,0.707107,0.707107,3
0.000000,-0.353553,-0.707107,-0.707107,1
0.000000,-0.353553,-0.707107,-0.353553,1
0.000000,-0.353553,-0.707107,0.000000,1
0.000000,-0.353553,-0.707107,0.353553,1
0.000000,-0.353553,-0.707107,0.707107,1
0.000000,-0.353553,-0.353553,-0.707107,1
0.000000,-0.353553,-0.353553,-0.353553,1
0.000000,-0.353553,-0.353553,0.000000,2
0.000000,-0.353553,-0.353553,0.353553,3
0.000000,-0.353553,-0.353553,0.707107,3
0.000000,-0.353553,0.000000,-0.707107,1
0.000000,-0.353553,0.000000,-0.353553,2
0.000000,-0.353553,0.000000,0.000000,3
0.000000,-0.353553,0.000000,0.353553,3
0.000000,-0.353553,0.000000,0.707107,3
0.000000,-0.353553,0.353553,-0.707107,1
0.000000,-0.353553,0.353553,-0.353553,3
0.000000,-0.353553,0.353553,0.000000,3
0.000000,-0.353553,0.353553,0.353553,3
0.000000,-0.353553,0.353553,0.707107,3
0.000000,-0.353553,0.707107,-0.707107,1
0.000000,-0.353553,0.707107,-0.353553,3
0.000000,-0.353553,0.707107,0.000000,3
0.000000,-0.353553,0.707107,0.353553,3
0.000000,-0.353553,0.707107,0.707107,3
0.000000,0.000000,-0.707107,-0.707107,1
0.000000,0.000000,-0.707107,-0.353553,1
0.000000,0.000000,-0.707107,0.000000,1
0.000000,0.000000,-0.707107,0.353553,1
0.000000,0.000000,-0.707107,0.707107,1
0.000000,0.000000,-0.353553,-0.707107,1
0.000000,0.000000,-0.353553,-0.353553,1
0.000000,0.000000,-0.353553,0.000000,1
0.000000,0.000000,-0.353553,0.353553,1
0.000000,0.000000,-0.353553,0.707107,3
0.000000,0.000000,0.000000,-0.707107,1
0.000000,0.000000,0.000000,-0.353553,1
0.000000,0.000000,0.000000,0.000000,2
0.000000,0.000000,0.000000,0.353553,3
0.000000,0.000000,0.000000,0.707107,3
0.000000,0.000000,0.353553,-0.707107,1
0.000000,0.000000,0.353553,-0.353553,1
0.000000,0.000000,0.353553,0.000000,3
0.000000,0.000000,0.353553,0.353553,3
0.000000,0.000000,0.353553,0.707107,3
0.000000,0.000000,0.707107,-0.707107,1
0.000000,0.000000,0.707107,-0.353553,3
0.000000,0.000000,0.707107,0.000000,3
0.000000,0.000000,0.707107,0.353553,3
0.000000,0.000000,0.707107,0.707107,3
0.000000,0.353553,-0.707107,-0.707107,1
0.000000,0.353553,-0.707107,-0.353553,1
0.000000,0.353553,-0.707107,0.000000,1
0.000000,0.353553,-0.707107,0.353553,1
0.000000,0.353553,-0.707107,0.707107,1
0.000000,0.353553,-0.353553,-0.707107,1
0.000000,0.353553,-0.353553,-0.353553,1
0.000000,0.353553,-0.353553,0.000000,1
0.000000,0.353553,-0.353553,0.353553,1
0.000000,0.353553,-0.353553,0.707107,1
0.000000,0.353553,0.000000,-0.707107,1
0.000000,0.353553,0.000000,-0.353553,1
0.000000,0.353553,0.000000,0.000000,1
0.000000,0.353553,0.000000,0.353553,2
0.000000,0.353553,0.000000,0.707107,3
0.000000,0.353553,0.353553,-0.707107,1
0.000000,0.353553,0.353553,-0.353553,1
0.000000,0.353553,0.353553,0.000000,2
0.000000,0.353553,0.353553,0.353553,3
0.000000,0.353553,0.353553,0.707107,3
0.000000,0.353553,0.707107,-0.707107,1
0.000000,0.353553,0.707107,-0.353553,1
0.000000,0.353553,0.707107,0.000000,3
0.000000,0.353553,0.707107,0.353553,3
0.000000,0.353553,0.707107,0.707107,3
0.000000,0.707107,-0.707107,-0.707107,1
0.000000,0.707107,-0.707107,-0.353553,1
0.000000,0.707107,-0.707107,0.000000,1
0.000000,0.707107,-0.707107,0.353553,1
0.000000,0.707107,-0.707107,0.707107,1
0.000000,0.707107,-0.353553,-0.707107,1
0.000000,0.707107,-0.353553,-0.353553,1
0.000000,0.707107,-0.353553,0.000000,1
0.000000,0.707107,-0.353553,0.353553,1
0.000000,0.707107,-0.353553,0.707107,1
0.000000,0.707107,0.000000,-0.707107,1
0.000000,0.707107,0.000000,-0.353553,1
0.000000,0.707107,0.000000,0.000000,1
0.000000,0.707107,0.000000,0.353553,1
0.000000,0.707107,0.000000,0.707107,2
0.000000,0.707107,0.353553,-0.707107,1
0.000000,0.707107,0.353553,-0.353553,1
0.000000,0.707107,0.353553,0.000000,1
0.000000,0.707107,0.353553,0.353553,3
0.000000,0.707107,0.353553,0.707107,3
0.000000,0.707107,0.707107,-0.707107,1
0.000000,0.707107,0.707107,-0.353553,1
0.000000,0.707107,0.707107,0.000000,2
0.000000,0.707107,0.707107,0.353553,3
0.000000,0.707107,0.707107,0.707107,3
0.353553,-0.707107,-0.707107,-0.707107,1
0.353553,-0.707107,-0.707107,-0.353553,1
0.353553,-0.707107,-0.707107,0.000000,1
0.353553,-0.707107,-0.707107,0.353553,2
0.353553,-0.707107,-0.707107,0.707107,3
0.353553,-0.707107,-0.353553,-0.707107,1
0.353553,-0.707107,-0.353553,-0.353553,2
0.353553,-0.707107,-0.353553,0.000000,3
0.353553,-0.707107,-0.353553,0.353553,3
0.353553,-0.707107,-0.353553,0.707107,3
0.353553,-0.707107,0.000000,-0.707107,1
0.353553,-0.707107,0.000000,-0.353553,3
0.353553,-0.707107,0.000000,0.000000,3
0.353553,-0.707107,0.000000,0.353553,3
0.353553,-0.707107,0.000000,0.707107,3
0.353553,-0.707107,0.353553,-0.707107,2
0.353553,-0.707107,0.353553,-0.353553,3
0.353553,-0.707107,0.353553,0.000000,3
0.353553,-0.707107,0.353553,0.353553,3
0.353553,-0.707107,0.353553,0.707107,3
0.353553,-0.707107,0.707107,-0.707107,3
0.353553,-0.707107,0.707107,-0.353553,3
0.353553,-0.707107,0.707107,0.000000,3
0.353553,-0.707107,0.707107,0.353553,3
0.353553,-0.707107,0.707107,0.707107,3
0.353553,-0.353553,-0.707107,-0.707107,1
0.353553,-0.353553,-0.707107,-0.353553,1
0.353553,-0.353553,-0.707107,0.000000,1
0.353553,-0.353553,-0.707107,0.353553,1
0.353553,-0.353553,-0.707107,0.707107,1
0.353553,-0.353553,-0.353553,-0.707107,1
0.353553,-0.353553,-0.353553,-0.353553,1
0.353553,-0.353553,-0.353553,0.000000,1
0.353553,-0.353553,-0.353553,0.353553,2
0.353553,-0.353553,-0.353553,0.707107,3
0.353553,-0.353553,0.000000,-0.707107,1
0.353553,-0.353553,0.000000,-0.353553,1
0.353553,-0.353553,0.000000,0.000000,3
0.353553,-0.353553,0.000000,0.353553,3
0.353553,-0.353553,0.000000,0.707107,3
0.353553,-0.353553,0.353553,-0.707107,1
0.353553,-0.353553,0.353553,-0.353553,2
0.353553,-0.353553,0.353553,0.000000,3
0.353553,-0.353553,0.353553,0.353553,3
0.353553,-0.353553,0.353553,0.707107,3
0.353553,-0.353553,0.707107,-0.707107,1
0.353553,-0.353553,0.707107,-0.353553,3
0.353553,-0.353553,0.707107,0.000000,3
0.353553,-0.353553,0.707107,0.353553,3
0.353553,-0.353553,0.707107,0.707107,3
0.353553,0.000000,-0.707107,-0.707107,1
0.353553,0.000000,-0.707107,-0.353553,1
0.353553,0.000000,-0.707107,0.000000,1
0.353553,0.000000,-0.707107,0.353553,1
0.353553,0.000000,-0.707107,0.707107,1
0.353553,0.000000,-0.353553,-0.707107,1
0.353553,0.000000,-0.353553,-0.353553,1
0.353553,0.000000,-0.353553,0.000000,1
0.353553,0.000000,-0.353553,0.353553,1
0.353553,0.000000,-0.353553,0.707107,1
0.353553,0.000000,0.000000,-0.707107,1
0.353553,0.000000,0.000000,-0.353553,1
0.353553,0.000000,0.000000,0.000000,1
0.353553,0.000000,0.000000,0.353553,2
0.353553,0.000000,0.000000,0.707107,3
0.353553,0.000000,0.353553,-0.707107,1
0.353553,0.000000,0.353553,-0.353553,1
0.353553,0.000000,0.353553,0.000000,2
0.353553,0.000000,0.353553,0.353553,3
0.353553,0.000000,0.353553,0.707107,3
0.353553,0.000000,0.707107,-0.707107,1
0.353553,0.000000,0.707107,-0.353553,1
0.353553,0.000000,0.707107,0.000000,3
0.353553,0.000000,0.707107,0.353553,3
0.353553,0.000000,0.707107,0.707107,3
0.353553,0.353553,-0.707107,-0.707107,1
0.353553,0.353553,-0.707107,-0.353553,1
0.353553,0.353553,-0.707107,0.000000,1
0.353553,0.353553,-0.707107,0.353553,1
0.353553,0.353553,-0.707107,0.707107,1
0.353553,0.353553,-0.353553,-0.707107,1
0.353553,0.353553,-0.353553,-0.353553,1
0.353553,0.353553,-0.353553,0.000000,1
0.353553,0.353553,-0.353553,0.353553,1
0.353553,0.353553,-0.353553,0.707107,1
0.353553,0.353553,0.000000,-0.707107,1
0.353553,0.353553,0.000000,-0.353553,1
0.353553,0.353553,0.000000,0.000000,1
0.353553,0.353553,0.000000,0.353553,1
0.353553,0.353553,0.000000,0.707107,1
0.353553,0.353553,0.353553,-0.707107,1
0.353553,0.353553,0.353553,-0.353553,1
0.353553,0.353553,0.353553,0.000000,1
0.353553,0.353553,0.353553,0.353553,2
0.353553,0.353553,0.353553,0.707107,3
0.353553,0.353553,0.707107,-0.707107,1
0.353553,0.353553,0.707107,-0.353553,1
0.353553,0.353553,0.707107,0.000000,1
0.353553,0.353553,0.707107,0.353553,3
0.353553,0.353553,0.707107,0.707107,3
0.353553,0.707107,-0.707107,-0.707107,1
0.353553,0.707107,-0.707107,-0.353553,1
0.353553,0.707107,-0.707107,0.000000,1
0.353553,0.707107,-0.707107,0.353553,1
0.353553,0.707107,-0.707107,0.707107,1
0.353553,0.707107,-0.353553,-0.707107,1
0.353553,0.707107,-0.353553,-0.353553,1
0.353553,0.707107,-0.353553,0.000000,1
0.353553,0.707107,-0.353553,0.353553,1
0.353553,0.707107,-0.353553,0.707107,1
0.353553,0.707107,0.000000,-0.707107,1
0.353553,0.707107,0.000000,-0.353553,1
0.353553,0.707107,0.000000,0.000000,1
0.353553,0.707107,0.000000,0.353553,1
0.353553,0.707107,0.000000,0.707107,1
0.353553,0.707107,0.353553,-0.707107,1
0.353553,0.707107,0.353553,-0.353553,1
0.353553,0.707107,0.353553,0.000000,1
0.353553,0.707107,0.353553,0.353553,1
0.353553,0.707107,0.353553,0.707107,2
0.353553,0.707107,0.707107,-0.707107,1
0.353553,0.707107,0.707107,-0.353553,1
0.353553,0.707107,0.707107,0.000000,1
0.353553,0.707107,0.707107,0.353553,2
0.353553,0.707107,0.707107,0.707107,3
0.707107,-0.707107,-0.707107,-0.707107,1
0.707107,-0.707107,-0.707107,-0.353553,1
0.707107,-0.707107,-0.707107,0.000000,1
0.707107,-0.707107,-0.707107,0.353553,1
0.707107,-0.707107,-0.707107,0.707107,2
0.707107,-0.707107,-0.353553,-0.707107,1
0.707107,-0.707107,-0.353553,-0.353553,1
0.707107,-0.707107,-0.353553,0.000000,3
0.707107,-0.707107,-0.353553,0.353553,3
0.707107,-0.707107,-0.353553,0.707107,3
0.707107,-0.707107,0.000000,-0.707107,1
0.707107,-0.707107,0.000000,-0.353553,3
0.707107,-0.707107,0.000000,0.000000,3
0.707107,-0.707107,0.000000,0.353553,3
0.707107,-0.707107,0.000000,0.707107,3
0.707107,-0.707107,0.353553,-0.707107,1
0.707107,-0.707107,0.353553,-0.353553,3
0.707107,-0.707107,0.353553,0.000000,3
0.707107,-0.707107,0.353553,0.353553,3
0.707107,-0.707107,0.353553,0.707107,3
0.707107,-0.707107,0.707107,-0.707107,2
0.707107,-0.707107,0.707107,-0.353553,3
0.707107,-0.707107,0.707107,0.000000,3
0.707107,-0.707107,0.707107,0.353553,3
0.707107,-0.707107,0.707107,0.707107,3
0.707107,-0.353553,-0.707107,-0.707107,1
0.707107,-0.353553,-0.707107,-0.353553,1
0.707107,-0.353553,-0.707107,0.000000,1
0.707107,-0.353553,-0.707107,0.353553,1
0.707107,-0.353553,-0.707107,0.707107,1
0.707107,-0.353553,-0.353553,-0.707107,1
0.707107,-0.353553,-0.353553,-0.353553,1
0.707107,-0.353553,-0.353553,0.000000,1
0.707107,-0.353553,-0.353553,0.353553,1
0.707107,-0.353553,-0.353553,0.707107,2
0.707107,-0.353553,0.000000,-0.707107,1
0.707107,-0.353553,0.000000,-0.353553,1
0.707107,-0.353553,0.000000,0.000000,1
0.707107,-0.353553,0.000000,0.353553,3
0.707107,-0.353553,0.000000,0.707107,3
0.707107,-0.353553,0.353553,-0.707107,1
0.707107,-0.353553,0.353553,-0.353553,1
0.707107,-0.353553,0.353553,0.000000,3
0.707107,-0.353553,0.353553,0.353553,3
0.707107,-0.353553,0.353553,0.707107,3
0.707107,-0.353553,0.707107,-0.707107,1
0.707107,-0.353553,0.707107,-0.353553,2
0.707107,-0.353553,0.707107,0.000000,3
0.707107,-0.353553,0.707107,0.353553,3
0.707107,-0.353553,0.707107,0.707107,3
0.707107,0.000000,-0.707107,-0.707107,1
0.707107,0.000000,-0.707107,-0.353553,1
0.707107,0.000000,-0.707107,0.000000,1
0.707107,0.000000,-0.707107,0.353553,1
0.707107,0.000000,-0.707107,0.707107,1
0.707107,0.000000,-0.353553,-0.707107,1
0.707107,0.000000,-0.353553,-0.353553,1
0.707107,0.000000,-0.353553,0.000000,1
0.707107,0.000000,-0.353553,0.353553,1
0.707107,0.000000,-0.353553,0.707107,1
0.707107,0.000000,0.000000,-0.707107,1
0.707107,0.000000,0.000000,-0.353553,1
0.707107,0.000000,0.000000,0.000000,1
0.707107,0.000000,0.000000,0.353553,1
0.707107,0.000000,0.000000,0.707107,2
0.707107,0.000000,0.353553,-0.707107,1
0.707107,0.000000,0.353553,-0.353553,1
0.707107,0.000000,0.353553,0.000000,1
0.707107,0.000000,0.353553,0.353553,3
0.707107,0.000000,0.353553,0.707107,3
0.707107,0.000000,0.707107,-0.707107,1
0.707107,0.000000,0.707107,-0.353553,1
0.707107,0.000000,0.707107,0.000000,2
0.707107,0.000000,0.707107,0.353553,3
0.707107,0.000000,0.707107,0.707107,3
0.707107,0.353553,-0.707107,-0.707107,1
0.707107,0.353553,-0.707107,-0.353553,1
0.707107,0.353553,-0.707107,0.000000,1
0.707107,0.353553,-0.707107,0.353553,1
0.707107,0.353553,-0.707107,0.707107,1
0.707107,0.353553,-0.353553,-0.707107,1
0.707107,0.353553,-0.353553,-0.353553,1
0.707107,0.353553,-0.353553,0.000000,1
0.707107,0.353553,-0.353553,0.353553,1
0.707107,0.353553,-0.353553,0.707107,1
0.707107,0.353553,0.000000,-0.707107,1
0.707107,0.353553,0.000000,-0.353553,1
0.707107,0.353553,0.000000,0.000000,1
0.707107,0.353553,0.000000,0.353553,1
0.707107,0.353553,0.000000,0.707107,1
0.707107,0.353553,0.353553,-0.707107,1
0.707107,0.353553,0.353553,-0.353553,1
0.707107,0.353553,0.353553,0.000000,1
0.707107,0.353553,0.353553,0.353553,1
0.707107,0.353553,0.353553,0.707107,2
0.707107,0.353553,0.707107,-0.707107,1
0.707107,0.353553,0.707107,-0.353553,1
0.707107,0.353553,0.707107,0.000000,1
0.707107,0.353553,0.707107,0.353553,2
0.707107,0.353553,0.707107,0.707107,3
0.707107,0.707107,-0.707107,-0.707107,1
0.707107,0.707107,-0.707107,-0.353553,1
0.707107,0.707107,-0.707107,0.000000,1
0.707107,0.707107,-0.707107,0.353553,1
0.707107,0.707107,-0.707107,0.707107,1
0.707107,0.707107,-0.353553,-0.707107,1
0.707107,0.707107,-0.353553,-0.353553,1
0.707107,0.707107,-0.353553,0.000000,1
0.707107,0.707107,-0.353553,0.353553,1
0.707107,0.707107,-0.353553,0.707107,1
0.707107,0.707107,0.000000,-0.707107,1
0.707107,0.707107,0.000000,-0.353553,1
0.707107,0.707107,0.000000,0.000000,1
0.707107,0.707107,0.000000,0.353553,1
0.707107,0.707107,0.000000,0.707107,1
0.707107,0.707107,0.353553,-0.707107,1
0.707107,0.707107,0.353553,-0.353553,1
0.707107,0.707107,0.353553,0.000000,1
0.707107,0.707107,0.353553,0.353553,1
0.707107,0.707107,0.353553,0.707107,1
0.707107,0.707107,0.707107,-0.707107,1
0.707107,0.707107,0.707107,-0.353553,1
0.707107,0.707107,0.707107,0.000000,1
0.707107,0.707107,0.707107,0.353553,1
0.707107,0.707107,0.707107,0.707107,2
