-0.450341,0.516029,-0.670636,-0.656488,1
-0.571508,-0.062479,-0.670636,-0.656488,1
-0.692676,0.168924,-0.699069,-0.656488,1
-0.753260,0.053223,-0.642203,-0.656488,1
-0.510925,0.631730,-0.670636,-0.656488,1
-0.268589,0.978835,-0.585338,-0.525015,1
-0.753260,0.400327,-0.670636,-0.590752,1
-0.510925,0.400327,-0.642203,-0.656488,1
-0.874428,-0.178180,-0.670636,-0.656488,1
-0.571508,0.053223,-0.642203,-0.722225,1
-0.268589,0.747432,-0.642203,-0.656488,1
-0.632092,0.400327,-0.613770,-0.656488,1
-0.632092,-0.062479,-0.670636,-0.722225,1
-0.935012,-0.062479,-0.755935,-0.722225,1
-0.026253,1.094536,-0.727502,-0.656488,1
-0.086837,1.557342,-0.642203,-0.525015,1
-0.268589,0.978835,-0.699069,-0.525015,1
-0.450341,0.516029,-0.670636,-0.590752,1
-0.086837,0.863133,-0.585338,-0.590752,1
-0.450341,0.863133,-0.642203,-0.590752,1
-0.268589,0.400327,-0.585338,-0.656488,1
-0.450341,0.747432,-0.642203,-0.525015,1
-0.753260,0.631730,-0.784368,-0.656488,1
-0.450341,0.284626,-0.585338,-0.459279,1
-0.632092,0.400327,-0.528472,-0.656488,1
-0.510925,-0.062479,-0.613770,-0.656488,1
-0.510925,0.400327,-0.613770,-0.525015,1
-0.389757,0.516029,-0.642203,-0.656488,1
-0.389757,0.400327,-0.670636,-0.656488,1
-0.692676,0.168924,-0.613770,-0.656488,1
-0.632092,0.053223,-0.613770,-0.656488,1
-0.268589,0.400327,-0.642203,-0.525015,1
-0.389757,1.210238,-0.642203,-0.722225,1
-0.208005,1.325939,-0.670636,-0.656488,1
-0.571508,0.053223,-0.642203,-0.722225,1
-0.510925,0.168924,-0.727502,-0.656488,1
-0.208005,0.516029,-0.699069,-0.656488,1
-0.571508,0.053223,-0.642203,-0.722225,1
-0.874428,-0.062479,-0.699069,-0.656488,1
-0.450341,0.400327,-0.642203,-0.656488,1
-0.510925,0.516029,-0.699069,-0.590752,1
-0.813844,-0.872389,-0.699069,-0.590752,1
-0.874428,0.168924,-0.699069,-0.656488,1
-0.510925,0.516029,-0.613770,-0.393542,1
-0.450341,0.863133,-0.528472,-0.525015,1
-0.632092,-0.062479,-0.670636,-0.590752,1
-0.450341,0.863133,-0.613770,-0.656488,1
-0.753260,0.168924,-0.670636,-0.656488,1
-0.329173,0.747432,-0.642203,-0.656488,1
-0.510925,0.284626,-0.670636,-0.656488,1
0.700754,0.168924,0.267648,0.132349,2
0.337251,0.168924,0.210782,0.198086,2
0.640170,0.053223,0.324514,0.198086,2
-0.208005,-0.872389,0.068618,0.066613,2
0.397835,-0.293882,0.239215,0.198086,2
-0.086837,-0.293882,0.210782,0.066613,2
0.276667,0.284626,0.267648,0.263822,2
-0.571508,-0.756688,-0.130412,-0.130596,2
0.458418,-0.178180,0.239215,0.066613,2
-0.389757,-0.409583,0.040185,0.132349,2
-0.510925,-1.219494,-0.073546,-0.130596,2
0.034331,-0.062479,0.125484,0.198086,2
0.094915,-0.988091,0.068618,-0.130596,2
0.155499,-0.178180,0.267648,0.132349,2
-0.147421,-0.178180,-0.045113,0.066613,2
0.519002,0.053223,0.182349,0.132349,2
-0.147421,-0.062479,0.210782,0.198086,2
-0.026253,-0.409583,0.097051,-0.130596,2
0.216083,-0.988091,0.210782,0.198086,2
-0.147421,-0.640986,0.040185,-0.064860,2
0.034331,0.168924,0.296081,0.395295,2
0.155499,-0.293882,0.068618,0.066613,2
0.276667,-0.640986,0.324514,0.198086,2
0.155499,-0.293882,0.267648,0.000876,2
0.337251,-0.178180,0.153917,0.066613,2
0.458418,-0.062479,0.182349,0.132349,2
0.579586,-0.293882,0.296081,0.132349,2
0.519002,-0.062479,0.352946,0.329559,2
0.094915,-0.178180,0.210782,0.198086,2
-0.086837,-0.525285,-0.073546,-0.130596,2
-0.208005,-0.756688,0.011752,-0.064860,2
-0.208005,-0.756688,-0.016681,-0.130596,2
-0.026253,-0.409583,0.040185,0.000876,2
0.094915,-0.409583,0.381379,0.263822,2
-0.268589,-0.062479,0.210782,0.198086,2
0.094915,0.400327,0.210782,0.263822,2
0.519002,0.053223,0.267648,0.198086,2
0.276667,-0.872389,0.182349,0.066613,2
-0.147421,-0.062479,0.097051,0.066613,2
-0.208005,-0.640986,0.068618,0.066613,2
-0.208005,-0.525285,0.182349,0.000876,2
0.155499,-0.062479,0.239215,0.132349,2
-0.026253,-0.525285,0.068618,0.000876,2
-0.510925,-0.872389,-0.130412,-0.130596,2
-0.147421,-0.409583,0.125484,0.066613,2
-0.086837,-0.062479,0.125484,0.000876,2
-0.086837,-0.178180,0.125484,0.066613,2
0.216083,-0.178180,0.153917,0.066613,2
-0.450341,-0.640986,-0.215711,-0.064860,2
-0.086837,-0.293882,0.097051,0.066613,2
0.276667,0.284626,0.637275,0.855451,3
-0.026253,-0.409583,0.381379,0.461032,3
0.761338,-0.062479,0.608842,0.592505,3
0.276667,-0.178180,0.523544,0.395295,3
0.397835,-0.062479,0.580409,0.658241,3
1.064258,-0.062479,0.807872,0.592505,3
-0.571508,-0.640986,0.210782,0.329559,3
0.882506,-0.178180,0.722574,0.395295,3
0.519002,-0.640986,0.580409,0.395295,3
0.821922,0.631730,0.665708,0.855451,3
0.397835,0.168924,0.381379,0.526768,3
0.337251,-0.409583,0.438245,0.461032,3
0.579586,-0.062479,0.495111,0.592505,3
-0.086837,-0.640986,0.352946,0.526768,3
-0.026253,-0.293882,0.381379,0.789714,3
0.337251,0.168924,0.438245,0.723978,3
0.397835,-0.062479,0.495111,0.395295,3
1.124842,0.863133,0.836305,0.658241,3
1.124842,-0.525285,0.893171,0.723978,3
0.094915,-0.988091,0.352946,0.198086,3
0.640170,0.168924,0.551976,0.723978,3
-0.147421,-0.293882,0.324514,0.526768,3
1.124842,-0.293882,0.836305,0.526768,3
0.276667,-0.409583,0.324514,0.395295,3
0.519002,0.284626,0.551976,0.592505,3
0.821922,0.168924,0.637275,0.395295,3
0.216083,-0.293882,0.296081,0.395295,3
0.155499,-0.062479,0.324514,0.395295,3
0.337251,-0.293882,0.523544,0.592505,3
0.821922,-0.062479,0.580409,0.263822,3
0.943090,-0.293882,0.665708,0.461032,3
1.246010,0.863133,0.751006,0.526768,3
0.337251,-0.293882,0.523544,0.658241,3
0.276667,-0.293882,0.381379,0.198086,3
0.155499,-0.525285,0.523544,0.132349,3
1.124842,-0.062479,0.665708,0.723978,3
0.276667,0.400327,0.523544,0.789714,3
0.337251,0.053223,0.495111,0.395295,3
0.094915,-0.062479,0.296081,0.395295,3
0.640170,0.053223,0.466678,0.592505,3
0.519002,0.053223,0.523544,0.789714,3
0.640170,0.053223,0.381379,0.723978,3
-0.026253,-0.409583,0.381379,0.461032,3
0.579586,0.168924,0.608842,0.723978,3
0.519002,0.284626,0.551976,0.855451,3
0.519002,-0.062479,0.409812,0.723978,3
0.276667,-0.640986,0.352946,0.461032,3
0.397835,-0.062479,0.409812,0.526768,3
0.216083,0.400327,0.466678,0.723978,3
0.034331,-0.062479,0.381379,0.395295,3
