0.319974,0.424162,0.074820,0.453635,-0.346445,0.102006,0.234246,0.712998,1
-0.422443,-0.561698,-0.080273,0.265451,-0.346445,-0.342211,-0.182530,-0.095336,0
0.616940,0.971862,-0.131971,-0.644106,-0.346445,-0.551628,0.302199,-0.052792,1
-0.422443,-0.499104,-0.080273,0.077267,0.061651,-0.247022,-0.460381,-0.520775,0
-0.570926,0.252028,-0.752344,0.453635,0.382918,0.704873,2.742455,-0.010248,1
0.171490,-0.076592,0.126518,-0.644106,-0.346445,-0.405671,-0.409039,-0.137880,0
-0.125476,-0.671238,-0.493855,0.359543,0.035602,-0.062989,-0.338067,-0.308055,1
0.913907,-0.092241,-1.786299,-0.644106,-0.346445,0.209888,-0.510213,-0.180424,0
-0.273959,1.190942,0.023123,0.767275,2.010961,-0.094718,-0.473972,0.840629,1
0.616940,0.064245,0.695193,-0.644106,-0.346445,-2.030237,-0.362227,0.883173,1
0.023007,-0.170484,0.591798,-0.644106,-0.346445,0.355845,-0.424140,-0.137880,0
0.913907,0.737133,0.126518,-0.644106,-0.346445,0.381229,0.098341,0.032296,1
0.913907,0.283325,0.281611,-0.644106,-0.346445,-0.310481,1.463434,1.010805,0
-0.422443,1.065753,-0.235366,0.077267,3.326420,-0.120102,-0.111558,1.095893,1
0.171490,0.705836,0.074820,-0.048190,0.413308,-0.392979,0.173844,0.755542,1
0.468457,-0.326970,-1.786299,-0.644106,-0.346445,-0.126448,0.018308,-0.052792,1
-0.570926,-0.045295,0.385007,0.830003,0.652088,0.876214,0.119481,-0.095336,1
0.468457,-0.217430,0.126518,-0.644106,-0.346445,-0.151832,-0.329006,-0.095336,1
-0.422443,-0.280024,-1.010832,0.547727,0.013895,0.717565,-0.436220,-0.010248,0
-0.422443,-0.092241,0.023123,0.296815,0.070334,0.165466,0.086260,-0.052792,1
-0.125476,0.079893,0.488402,0.641819,0.673795,0.463726,0.350521,-0.265511,0
0.616940,-0.342618,0.385007,-0.644106,-0.346445,0.216234,-0.126658,0.712998,0
0.468457,1.175293,0.540100,-0.644106,-0.346445,0.495456,-0.031524,0.330103,1
0.765423,-0.029647,0.281611,0.453635,-0.346445,-0.189908,-0.315416,-0.180424,1
1.062390,0.345919,0.643496,0.390907,0.287406,0.292385,-0.329006,0.755542,1
0.913907,0.064245,0.023123,0.171359,0.152821,-0.056643,-0.402999,0.330103,1
0.468457,0.408513,0.178216,-0.644106,-0.346445,0.470072,-0.324476,0.415191,1
-0.422443,-0.373915,-0.080273,-0.173646,0.261357,-0.557974,0.022838,-0.478231,0
1.359356,0.377216,0.333309,-0.048190,0.131114,-0.621433,-0.342597,1.010805,0
0.171490,-0.060944,0.591798,-0.644106,-0.346445,0.133736,-0.203671,0.202471,0
0.171490,-0.186132,0.152367,0.171359,-0.346445,0.254309,0.111931,1.138436,0
-0.125476,0.580648,0.178216,0.484999,0.717209,-0.024913,0.572499,-0.222968,1
-0.125476,-0.514752,-0.287064,-0.299102,-0.112007,-0.456438,-0.309375,-0.478231,0
0.319974,-0.452158,0.591798,-0.644106,-0.346445,-0.767390,-0.428670,-0.222968,0
0.913907,0.017299,0.229914,0.328179,-0.346445,-0.278751,0.060589,0.500278,0
0.023007,-0.280024,-0.235366,0.390907,0.487113,-0.507206,0.746156,-0.010248,0
1.062390,0.267676,0.178216,-0.644106,-0.346445,0.076623,-0.078336,0.074840,0
0.765423,-0.295672,0.178216,0.516363,-0.346445,0.057585,0.291628,0.542822,1
-0.273959,-0.483455,-0.028575,0.673183,-0.346445,0.393921,0.046999,-0.265511,1
0.023007,-0.154835,0.074820,0.830003,0.552234,0.324115,1.386421,0.968261,1
-0.125476,0.924916,-0.131971,0.139995,-0.042544,0.127390,-0.303335,-0.308055,0
0.468457,0.189433,0.385007,-0.644106,-0.346445,0.520840,0.338440,0.159927,0
0.468457,-0.233078,0.591798,-0.079554,-0.346445,-0.589704,-0.357697,0.627910,0
0.765423,0.784079,1.057078,0.108631,0.695502,0.850830,0.376192,0.883173,1
0.468457,0.596296,-0.131971,-0.644106,-0.346445,-0.291443,-0.268604,0.287559,0
-0.570926,0.924916,-0.080273,0.579091,-0.346445,0.635067,2.145981,-0.350599,1
-0.422443,0.392865,-0.338762,-0.644106,-0.346445,-0.145486,0.139112,-0.180424,0
-0.273959,-0.780778,0.023123,0.202723,-0.346445,-0.253368,0.172334,-0.478231,0
0.468457,-0.280024,-0.080273,0.359543,-0.346445,0.451034,-0.193101,-0.095336,1
0.468457,-0.248727,-1.786299,-0.644106,-0.346445,-2.030237,-0.251993,-0.393143,0
-0.422443,-0.280024,0.281611,-0.299102,0.009553,-0.799120,0.028878,-0.478231,0
-0.422443,-0.311321,-0.493855,-0.173646,-0.190153,-0.494514,0.081730,-0.308055,0
0.171490,-0.514752,-0.080273,0.014539,-0.246592,-0.481822,-0.196121,-0.137880,0
0.616940,0.862322,0.540100,0.422271,0.955989,0.108352,-0.007364,1.053349,1
0.468457,0.455459,-0.080273,0.673183,1.138330,0.171812,0.371661,0.372647,0
-0.422443,-0.749481,-0.493855,-0.330466,-0.346445,-0.570666,-0.338067,-0.520775,0
0.468457,1.034456,-0.028575,0.579091,0.973355,0.362191,-0.329006,0.330103,1
-0.570926,-0.326970,0.488402,1.237736,0.131114,0.939673,0.740116,-0.095336,0
-0.570926,0.392865,0.333309,-0.644106,-0.346445,0.539878,1.976854,0.457734,0
-0.570926,-0.248727,-0.131971,0.641819,0.270040,0.603337,-0.451321,-0.478231,0
-0.273959,-0.577347,-1.786299,-0.644106,-0.346445,-2.030237,-0.253503,-0.520775,0
0.616940,0.189433,0.074820,-0.644106,-0.346445,0.057585,-0.304845,0.245015,1
0.171490,-1.203290,-0.183668,-0.644106,-0.346445,-0.443746,0.173844,0.117383,0
-0.273959,0.314622,-0.287064,0.422271,0.209260,-0.418363,0.342970,-0.393143,0
0.468457,-0.107890,-0.080273,-0.644106,-0.346445,0.051239,-0.322966,0.372647,1
0.171490,-0.342618,0.126518,0.202723,-0.346445,-0.189908,-0.406019,-0.052792,0
-0.570926,-0.186132,0.488402,0.296815,-0.346445,0.032201,0.578540,0.202471,1
-0.273959,-0.186132,0.591798,-0.644106,-0.346445,0.679489,0.563439,0.883173,0
-0.422443,-0.405212,-0.080273,-0.236374,-0.181470,-0.786428,-0.208201,-0.350599,0
0.023007,0.392865,0.410856,0.202723,0.087700,-0.196254,-0.427160,-0.265511,0
-0.273959,-0.326970,-0.080273,-0.016825,0.044285,0.057585,0.596660,-0.222968,1
0.171490,0.283325,-0.131971,0.453635,0.261357,-0.215292,-0.091927,-0.308055,0
1.359356,0.079893,0.540100,-0.644106,-0.346445,0.723911,0.167803,0.372647,1
0.023007,0.126839,0.436705,-0.016825,0.825746,0.197196,-0.363738,-0.435687,0
-0.422443,-0.655590,0.152367,0.296815,-0.346445,0.000471,-0.114578,-0.478231,0
-0.422443,-1.891827,-0.545553,-0.016825,-0.346445,-0.462784,-0.501153,-0.478231,0
0.468457,-0.921615,0.229914,-0.644106,-0.346445,0.038547,-0.122128,0.330103,0
0.171490,-0.405212,0.074820,0.390907,-0.346445,0.362191,-0.153839,-0.265511,0
-0.570926,0.158136,-1.786299,-0.644106,-0.346445,0.711219,-0.304845,-0.308055,1
-0.273959,-0.139187,-0.080273,0.045903,-0.346445,-0.443746,-0.248973,-0.393143,0
-0.125476,-0.123538,-0.648948,-0.236374,-0.346445,-0.608741,-0.501153,-0.478231,0
-0.273959,-0.733832,-1.786299,-0.644106,-0.346445,-2.030237,-0.558535,-0.478231,0
0.468457,-0.592995,0.229914,0.171359,-0.038202,-0.170870,0.445654,0.117383,0
-0.570926,-0.311321,-0.106122,0.234087,-0.346445,-0.469130,-0.354677,-0.478231,0
0.171490,0.252028,1.005380,-0.644106,-0.346445,1.066593,-0.369778,0.159927,1
-0.273959,-0.170484,0.126518,0.265451,0.196236,0.025855,0.341460,-0.265511,0
1.359356,-0.233078,0.074820,1.049552,-0.346445,0.292385,-0.443771,0.500278,0
-0.273959,-0.326970,-0.028575,0.139995,-0.038202,0.412959,-0.223302,-0.308055,0
1.656323,0.236379,0.023123,0.359543,0.131114,0.324115,-0.481522,0.415191,1
-0.422443,-0.217430,-0.028575,-0.048190,-0.346445,-0.348557,-0.463401,-0.393143,0
-0.422443,-0.639941,-0.364610,-0.644106,-0.346445,-0.818158,-0.322966,-0.520775,0
0.023007,0.032948,0.281611,-0.173646,0.417650,0.000471,-0.043605,0.032296,0
0.468457,-0.624292,0.229914,0.610455,-0.138056,0.933327,-0.318436,0.372647,0
0.023007,0.205082,0.074820,-0.644106,-0.346445,-0.519898,-0.294275,1.138436,1
-0.273959,0.330270,0.333309,-0.079554,-0.068593,-0.462784,0.436594,-0.520775,0
0.319974,0.361568,0.074820,0.202723,0.643405,0.121044,-0.327496,0.287559,0
-0.273959,-0.452158,-0.183668,0.234087,-0.346445,-0.024913,-0.516254,-0.393143,0
-0.422443,-0.780778,-0.545553,-0.079554,-0.016495,-0.735661,-0.224812,-0.478231,0
0.319974,-0.436510,-0.493855,0.296815,-0.068593,-0.208946,-0.174980,-0.435687,0
-0.422443,0.017299,0.540100,0.955459,0.608673,1.123706,-0.221792,-0.095336,1
-0.422443,0.658890,0.074820,-0.644106,-0.346445,0.444688,1.132731,-0.010248,1
-0.422443,0.471108,-0.235366,-0.644106,-0.346445,-0.373941,-0.442261,-0.478231,0
-0.570926,0.064245,0.695193,-0.644106,-0.346445,-0.602395,-0.316926,-0.520775,0
-0.422443,-0.624292,0.074820,-0.079554,-0.172787,-0.342211,-0.285214,-0.393143,0
-0.273959,-0.561698,-0.106122,-0.644106,-0.346445,0.482764,0.691794,-0.265511,0
-0.422443,0.079893,-0.338762,0.265451,0.313455,-0.208946,0.496996,-0.520775,0
-0.422443,-0.389564,1.367264,-0.644106,-0.346445,-0.608741,-0.399979,-0.265511,0
0.023007,0.361568,-0.287064,0.234087,0.261357,-0.158178,-0.279174,0.159927,0
-0.125476,-0.592995,-0.287064,0.328179,-0.268299,0.146428,-0.205181,-0.350599,0
-0.570926,-0.405212,0.410856,0.139995,-0.190153,0.343153,-0.339577,-0.393143,1
-0.125476,0.784079,0.074820,0.390907,0.239650,0.082968,-0.412059,-0.393143,1
0.616940,0.533702,-0.183668,0.171359,1.802571,0.127390,0.107401,0.542822,1
-0.422443,-0.499104,0.178216,0.422271,-0.185812,-0.050297,-0.422630,-0.435687,0
0.023007,-0.702535,-0.183668,-0.644106,-0.346445,0.127390,-0.122128,-0.350599,0
0.468457,0.611945,-0.390459,0.359543,0.413308,-0.094718,0.175354,0.245015,1
0.023007,0.392865,0.591798,-0.644106,-0.346445,-0.050297,0.101361,1.180980,1
0.171490,0.048596,0.126518,-0.644106,-0.346445,0.127390,-0.380348,0.202471,1
0.171490,-0.671238,-0.545553,-0.644106,-0.346445,0.108352,0.275018,-0.350599,0
0.023007,-0.373915,-0.235366,0.077267,-0.346445,-0.240676,-0.043605,-0.478231,0
0.023007,-0.342618,0.178216,-0.173646,-0.125031,-0.557974,-0.375818,-0.520775,0
-0.570926,0.643242,0.178216,1.112280,0.087700,1.345815,0.433574,-0.350599,1
0.319974,-0.154835,-0.131971,0.579091,-0.346445,0.140082,-0.319946,-0.393143,0
-0.273959,-0.217430,0.126518,0.296815,0.087700,0.102006,-0.102497,-0.435687,0
0.171490,0.173785,0.281611,-0.644106,-0.346445,-0.329519,-0.431690,1.521331,0
-0.570926,-0.123538,0.178216,-0.644106,-0.346445,0.082968,-0.292765,-0.435687,1
-0.422443,-0.514752,-1.010832,0.673183,0.083358,1.460042,0.036428,-0.308055,1
-0.125476,-0.013998,0.023123,0.296815,0.239650,0.692181,-0.030014,-0.137880,0
-0.422443,-0.045295,-0.287064,0.484999,0.061651,0.082968,-0.318436,-0.435687,0
-0.422443,-0.060944,0.488402,0.108631,0.283065,0.159120,-0.104007,0.287559,1
-0.570926,-0.248727,0.385007,-0.644106,-0.346445,-0.259713,0.406393,1.223524,1
0.023007,0.815376,0.023123,-0.205010,0.382918,-0.145486,-0.167430,-0.010248,1
0.765423,0.017299,-0.338762,-0.644106,-0.346445,0.082968,0.969645,-0.010248,1
-0.125476,0.768430,-0.131971,0.516363,0.630381,0.159120,-0.174980,-0.137880,1
0.616940,-0.577347,0.126518,0.328179,-0.346445,0.400267,-0.022464,0.245015,0
-0.273959,-0.389564,-0.028575,-0.236374,-0.133714,-0.691239,0.264447,-0.308055,0
-0.273959,0.064245,-0.235366,-0.016825,0.261357,0.114698,-0.579676,-0.095336,0
-0.570926,-0.326970,0.023123,0.171359,-0.129373,-0.075681,0.188944,-0.520775,0
-0.570926,-0.436510,-0.235366,0.139995,0.052968,-0.208946,0.090790,-0.478231,0
-0.570926,0.126839,0.281611,-0.644106,-0.346445,-0.050297,0.349010,-0.180424,0
0.171490,-0.248727,0.074820,0.265451,1.064525,0.311423,-0.472462,-0.222968,0
-0.125476,0.111190,0.229914,-0.644106,-0.346445,-0.691239,-0.307865,0.925717,0
0.171490,-0.233078,0.333309,0.296815,-0.346445,0.476418,-0.280684,0.202471,0
-0.273959,-0.201781,-0.442157,0.171359,-0.072934,0.032201,-0.232362,-0.478231,0
0.913907,-0.201781,-0.080273,-0.644106,-0.346445,0.025855,-0.301825,0.372647,1
0.023007,0.518053,-0.183668,0.328179,0.886526,0.051239,-0.354677,-0.435687,0
-0.570926,-0.295672,0.152367,0.077267,-0.346445,-2.030237,0.151193,-0.520775,0
0.765423,-0.999858,0.281611,0.516363,-0.346445,0.051239,-0.567596,0.330103,0
-0.273959,-0.233078,-0.131971,0.453635,0.170187,-0.094718,1.401522,0.032296,0
0.171490,0.408513,0.229914,-0.644106,-0.346445,0.108352,-0.383368,1.351156,0
-0.273959,-0.483455,0.023123,-0.110918,-0.346445,-0.297789,-0.584206,-0.478231,0
-0.422443,0.236379,0.126518,0.924095,0.539210,0.343153,-0.110048,-0.393143,0
0.023007,-0.107890,-0.106122,-0.644106,-0.346445,-0.640471,-0.060216,0.159927,0
0.765423,0.549350,0.436705,0.234087,0.326479,0.146428,1.082899,0.372647,1
-0.422443,0.502405,0.333309,0.673183,1.759157,0.546224,0.324850,-0.435687,0
0.616940,1.050105,0.229914,-0.644106,-0.346445,1.009479,-0.505683,0.415191,1
0.468457,0.486756,0.488402,0.735911,-0.346445,1.142744,-0.203671,0.117383,1
-0.273959,-0.342618,-0.442157,-0.173646,0.061651,-0.469130,0.249347,-0.520775,0
-0.422443,-0.186132,-0.338762,0.014539,0.239650,-0.431054,0.545318,-0.435687,0
-0.273959,-0.514752,0.126518,-0.048190,-0.116349,-0.189908,-0.366758,-0.478231,0
1.953289,0.658890,0.074820,0.641819,0.148480,0.565262,0.521157,0.585366,1
0.023007,0.471108,0.540100,0.547727,-0.346445,-0.145486,-0.268604,0.117383,0
0.468457,-0.295672,0.126518,0.610455,0.109407,0.330461,-0.404509,0.500278,0
-0.570926,-0.107890,0.281611,0.422271,0.890867,0.774678,-0.460381,-0.265511,0
-0.273959,-0.326970,-0.131971,0.077267,-0.346445,-0.145486,-0.156859,-0.520775,0
-0.570926,0.158136,0.488402,-0.644106,-0.346445,-0.024913,0.409413,-0.052792,1
0.319974,-0.264375,0.126518,-0.079554,0.330821,-0.132794,0.377702,0.330103,1
-0.125476,0.424162,-0.080273,0.139995,-0.346445,0.032201,-0.325986,-0.478231,0
0.023007,-0.013998,-0.028575,-0.644106,-0.346445,-0.151832,0.358071,0.032296,0
0.023007,-0.170484,-0.080273,-0.644106,-0.346445,-0.005875,-0.001323,-0.180424,0
-0.125476,-0.154835,0.540100,-0.267738,-0.007812,-0.227984,0.034918,-0.180424,0
0.319974,-0.295672,0.333309,-0.644106,-0.346445,-0.075681,-0.440751,0.117383,1
0.319974,0.205082,0.023123,0.077267,0.217943,0.216234,0.105891,-0.180424,1
-0.273959,-0.530401,-1.786299,0.077267,-0.346445,-0.196254,0.454715,-0.350599,0
-0.422443,-0.655590,-0.235366,0.673183,-0.138056,0.730257,0.311259,-0.435687,0
-0.273959,-0.718184,-0.131971,0.108631,-0.107666,-0.145486,-0.153839,-0.010248,0
0.616940,0.909268,0.074820,0.673183,0.217943,0.044893,0.373171,0.117383,1
0.319974,-0.561698,0.229914,-0.644106,-0.346445,-0.050297,-0.135719,0.372647,0
-0.570926,0.126839,1.057078,0.798639,0.217943,2.227904,-0.230852,-0.308055,1
0.171490,0.345919,0.229914,-0.644106,-0.346445,0.825446,-0.425650,0.585366,0
0.171490,0.142488,0.333309,-0.644106,-0.346445,0.451034,0.731056,0.159927,1
0.319974,-0.530401,0.281611,-0.644106,-0.346445,-0.557974,-0.585716,-0.052792,0
-0.570926,-0.029647,-0.131971,-0.079554,0.052968,0.184504,0.382232,-0.435687,0
-0.422443,-1.891827,0.126518,-0.016825,-0.246592,-0.272405,-0.261053,-0.520775,0
0.171490,-0.749481,-0.235366,-0.644106,-0.346445,-0.329519,-0.307865,-0.265511,0
0.023007,0.314622,0.126518,-0.644106,-0.346445,-0.278751,-0.344107,0.287559,0
0.468457,1.143996,-0.028575,0.234087,-0.346445,0.247964,0.412433,0.330103,1
0.616940,0.940565,-0.028575,0.484999,1.802571,-0.120102,0.216125,1.138436,1
-0.422443,0.111190,0.746891,0.641819,-0.094641,0.000471,1.282227,-0.010248,1
0.616940,-0.186132,0.178216,0.579091,0.148480,-0.259713,0.253877,-0.095336,1
0.171490,0.283325,0.281611,0.453635,0.348186,-0.024913,-0.167430,-0.350599,1
-0.125476,-0.154835,-0.183668,-0.644106,-0.346445,-0.596049,-0.498133,-0.520775,0
0.765423,0.032948,0.023123,0.735911,0.061651,0.070277,-0.147799,0.287559,0
0.468457,0.596296,-0.080273,-0.644106,-0.346445,-0.101064,-0.134208,0.117383,1
1.062390,0.220730,-1.786299,-0.644106,-0.346445,1.288701,0.160253,0.287559,1
0.616940,-0.561698,-0.364610,-0.016825,-0.346445,-0.481822,-0.507193,0.372647,0
0.171490,0.580648,0.385007,0.641819,0.565259,0.470072,-0.116088,-0.180424,1
-0.422443,-0.248727,-0.287064,-0.644106,-0.346445,-0.488168,-0.430180,-0.520775,0
-0.125476,-0.217430,-0.183668,-0.236374,-0.138056,-0.577012,0.311259,-0.435687,1
0.023007,-0.186132,-0.131971,0.735911,0.083358,0.178158,0.654042,-0.308055,1
0.023007,0.424162,-0.235366,0.202723,1.034135,-0.069335,-0.486052,-0.180424,1
-0.570926,-0.123538,0.281611,-0.142282,-0.346445,-0.062989,0.607231,-0.520775,0
-0.422443,0.267676,0.333309,-0.644106,-0.346445,0.514494,-0.356187,-0.222968,0
-0.570926,-0.201781,-0.028575,-0.016825,-0.346445,-0.297789,0.475855,-0.052792,0
-0.273959,-0.342618,0.023123,-0.142282,-0.155422,-0.735661,-0.357697,-0.265511,0
0.319974,-0.280024,0.074820,0.359543,0.478430,0.362191,-0.223302,0.925717,0
0.171490,-0.154835,0.074820,0.234087,-0.346445,-0.513552,-0.097967,-0.265511,0
0.616940,1.175293,0.178216,0.265451,0.869160,0.349499,0.201025,1.010805,1
0.171490,0.643242,0.901984,-0.644106,-0.346445,0.362191,-0.484542,0.798085,1
-0.422443,-0.389564,-0.131971,0.202723,0.031261,0.076623,-0.276154,-0.520775,0
0.468457,0.987511,0.385007,0.390907,-0.346445,0.222580,-0.176490,0.330103,1
-0.273959,-0.624292,-0.235366,0.045903,-0.346445,-0.272405,-0.274644,-0.350599,0
-0.570926,0.408513,0.410856,1.049552,-0.346445,0.685835,-0.146289,-0.393143,0
0.468457,0.909268,0.669345,0.328179,-0.346445,0.140082,-0.464911,1.138436,0
-0.570926,0.298973,-0.106122,0.171359,0.217943,0.673143,-0.061726,-0.393143,1
0.765423,-0.139187,0.333309,0.359543,0.413308,0.140082,-0.319946,0.117383,1
1.210873,0.471108,0.023123,0.610455,0.830087,0.622375,0.407903,0.202471,1
0.171490,-0.186132,-0.183668,0.641819,0.213602,0.241618,0.063609,-0.350599,1
0.319974,0.064245,-0.028575,0.296815,0.174528,-0.126448,-0.011894,-0.052792,0
0.171490,-0.561698,0.126518,0.045903,-0.346445,-0.189908,1.135751,-0.052792,1
0.171490,-0.139187,-0.080273,-0.644106,-0.346445,0.368537,-0.318436,0.330103,1
-0.570926,0.877971,-0.235366,0.265451,1.728767,0.165466,0.906222,-0.520775,1
-0.273959,0.580648,0.540100,-0.644106,-0.346445,-0.024913,0.503037,1.393700,1
0.468457,-0.029647,-1.786299,-0.644106,-0.346445,-0.431054,-0.396959,0.159927,0
0.468457,0.330270,-0.235366,0.390907,0.478430,-0.202600,0.324850,1.180980,0
-0.422443,-0.326970,-0.080273,-0.173646,-0.103324,-0.532590,0.293138,-0.308055,0
-0.422443,-0.530401,0.229914,0.202723,-0.207519,0.165466,-0.560045,-0.478231,0
-0.570926,-0.311321,0.178216,-0.644106,-0.346445,0.235272,-0.413569,-0.308055,0
-0.125476,0.643242,-0.442157,0.547727,-0.346445,0.330461,0.271997,-0.393143,1
0.023007,1.190942,0.023123,0.579091,2.883592,0.298731,2.804367,-0.095336,0
-0.570926,-0.060944,0.281611,0.328179,-0.116349,0.838138,-0.578166,-0.393143,0
0.023007,0.330270,0.436705,-0.644106,-0.346445,0.761986,0.261427,-0.478231,1
0.319974,0.205082,0.281611,0.516363,1.259890,0.901598,-0.353167,0.542822,1
-0.422443,-0.655590,0.281611,0.139995,-0.185812,-0.418363,0.167803,-0.478231,0
0.023007,0.017299,-0.028575,-0.644106,-0.346445,0.190850,-0.117598,-0.180424,0
-0.125476,-0.733832,-0.028575,0.234087,-0.151080,-0.145486,-0.270114,-0.435687,0
0.023007,0.784079,0.074820,-0.644106,-0.346445,0.736603,0.010757,-0.308055,1
0.468457,0.940565,0.385007,0.014539,0.487113,0.247964,0.172334,0.755542,1
-0.570926,0.909268,0.540100,0.202723,-0.346445,0.768332,0.323339,-0.435687,1
0.765423,0.674539,0.385007,0.014539,-0.346445,-0.075681,0.542298,-0.052792,1
-0.570926,-0.264375,0.178216,-0.644106,-0.346445,-0.862580,0.166293,-0.265511,0
-0.422443,-0.467807,-0.131971,0.108631,-0.346445,-0.177216,-0.422630,-0.520775,0
0.023007,-0.467807,0.023123,0.359543,0.035602,0.070277,-0.039075,-0.478231,0
-0.125476,0.283325,-0.390459,-0.644106,-0.346445,-0.405671,-0.105517,-0.478231,1
0.319974,-0.029647,-0.493855,0.045903,0.417650,-0.310481,1.277697,-0.010248,1
-0.273959,0.392865,0.178216,0.453635,0.495796,0.393921,-0.215752,-0.180424,0
0.765423,0.987511,0.410856,-0.173646,-0.346445,-0.126448,1.119141,0.670454,1
0.913907,0.017299,-0.028575,-0.644106,-0.346445,-0.050297,-0.322966,0.330103,0
-0.570926,0.690188,0.540100,0.390907,2.605739,1.288701,-0.067766,-0.435687,0
0.765423,0.048596,0.023123,0.390907,1.398817,0.216234,-0.286724,0.032296,0
-0.422443,-0.154835,0.436705,-0.048190,-0.346445,-0.120102,-0.496623,-0.435687,0
0.765423,-0.233078,-0.442157,-0.644106,-0.346445,-0.050297,-0.138739,0.372647,0
-0.273959,0.126839,0.385007,-0.644106,-0.346445,-0.253368,-0.283704,-0.265511,0
-0.273959,-0.483455,0.281611,-0.205010,-0.107666,-0.481822,-0.336556,-0.393143,0
-0.570926,-0.546050,-0.028575,0.359543,-0.346445,0.241618,-0.353167,-0.350599,0
1.210873,-0.452158,-0.183668,-0.424558,0.773648,-0.278751,0.685754,0.457734,1
-0.422443,-0.123538,-0.131971,0.453635,-0.346445,0.102006,0.107401,-0.520775,1
-0.125476,-0.154835,-0.338762,0.579091,-0.346445,-0.120102,0.128542,-0.137880,0
-0.273959,-0.107890,-0.028575,0.045903,-0.346445,-0.208946,-0.573636,-0.350599,0
-0.422443,1.128348,-0.493855,-0.142282,1.281598,-0.386633,0.276528,-0.393143,0
1.062390,0.533702,0.178216,0.234087,0.304772,0.082968,1.330549,0.755542,1
-0.125476,1.097051,-0.028575,-0.173646,0.217943,-0.069335,-0.261053,0.032296,0
-0.125476,0.314622,-1.786299,-0.644106,-0.346445,-0.126448,0.436594,-0.265511,1
0.023007,-0.405212,0.023123,0.359543,-0.346445,0.006817,0.211595,-0.393143,0
-0.125476,0.330270,0.281611,-0.173646,-0.346445,0.025855,-0.410549,1.266068,0
0.023007,0.032948,-0.183668,-0.644106,-0.346445,0.000471,-0.371288,0.074840,1
0.171490,-0.389564,0.126518,-0.079554,-0.055568,0.102006,0.792968,0.415191,0
-0.570926,0.267676,-1.786299,-0.644106,-0.346445,0.273347,0.696324,-0.350599,1
-0.273959,0.111190,-0.131971,0.673183,-0.346445,0.508148,0.950014,-0.393143,0
-0.570926,-0.295672,-0.442157,-0.644106,-0.346445,-0.437400,-0.594777,-0.520775,0
-0.273959,0.392865,-1.786299,-0.644106,-0.346445,-0.285097,-0.350147,-0.222968,1
0.913907,-0.311321,0.436705,0.516363,-0.346445,0.863522,1.002866,0.202471,1
-0.273959,-0.201781,-0.183668,0.359543,-0.103324,-0.431054,-0.519274,-0.520775,0
-0.125476,0.017299,0.229914,-0.644106,-0.346445,-0.570666,-0.329006,0.287559,0
-0.422443,-0.780778,0.229914,0.924095,-0.151080,0.076623,-0.075316,-0.520775,0
1.359356,-0.233078,0.023123,-0.644106,-0.346445,0.140082,-0.333536,0.798085,0
-0.273959,-0.326970,0.023123,0.986823,-0.098983,0.539878,0.309749,-0.350599,0
0.468457,-0.233078,-0.235366,0.108631,-0.346445,-0.348557,-0.265584,-0.180424,1
-0.570926,-0.264375,-0.131971,0.077267,0.157163,-0.266059,-0.026994,-0.435687,0
0.171490,-0.107890,0.126518,-0.644106,-0.346445,-0.450092,0.410923,1.010805,0
-0.273959,-0.201781,-0.183668,-0.330466,0.860477,-0.424708,0.617801,-0.478231,0
-0.570926,0.392865,0.023123,-0.644106,-0.346445,0.374883,-0.208201,-0.222968,1
0.913907,0.126839,0.178216,0.234087,0.183211,0.247964,-0.289745,0.245015,0
0.468457,0.189433,0.488402,-0.173646,0.326479,0.025855,-0.316926,0.159927,0
0.468457,0.627593,0.436705,-0.644106,-0.346445,-0.101064,-0.463401,0.585366,1
-0.273959,-0.201781,0.281611,-0.644106,-0.346445,-0.316827,-0.321456,0.798085,1
0.468457,0.236379,0.126518,0.171359,0.239650,-0.380287,0.264447,0.755542,0
0.171490,0.533702,0.385007,0.735911,2.019644,0.425650,0.222166,0.032296,0
-0.422443,-0.029647,0.436705,0.579091,0.608673,0.863522,0.507567,-0.180424,1
0.023007,-0.389564,-0.338762,-0.110918,-0.133714,-0.710277,-0.199141,-0.308055,0
0.171490,-0.201781,0.074820,0.704547,-0.020837,0.260655,-0.315416,-0.010248,0
-0.570926,-0.671238,0.488402,0.265451,-0.172787,0.311423,-0.057195,-0.520775,0
-0.570926,-0.217430,-0.183668,0.296815,-0.025178,0.292385,0.430554,-0.350599,1
-0.273959,0.111190,0.229914,0.516363,0.443698,0.717565,1.135751,-0.095336,1
-0.422443,0.111190,-0.545553,0.767275,0.495796,0.539878,0.213105,-0.393143,1
-0.570926,0.627593,-0.493855,-0.644106,-0.346445,-0.640471,-0.329006,1.351156,0
0.319974,0.471108,-0.183668,0.328179,0.174528,0.222580,0.332400,-0.222968,0
-0.273959,0.392865,0.023123,0.547727,1.216476,-0.253368,-0.203671,-0.180424,1
-0.570926,0.079893,0.385007,0.265451,0.586966,-0.082027,0.072670,-0.393143,0
1.507839,-0.326970,0.229914,0.139995,0.452381,0.292385,-0.090417,0.542822,1
0.616940,-0.139187,0.074820,-0.644106,-0.346445,-0.532590,0.555889,1.053349,0
-0.570926,0.721485,-1.786299,-0.644106,-0.346445,0.019509,0.554379,-0.137880,1
-0.273959,0.361568,-0.287064,0.390907,0.239650,-0.024913,-0.075316,-0.350599,1
0.171490,-0.686887,0.333309,0.641819,-0.164104,0.241618,-0.476992,0.074840,0
0.171490,-0.092241,0.746891,-0.644106,-0.346445,1.326777,-0.396959,-0.222968,1
-0.125476,0.455459,0.178216,-0.644106,-0.346445,-0.697585,-0.399979,0.159927,0
-0.273959,-0.013998,0.178216,0.516363,0.109407,0.489110,-0.387898,-0.180424,0
0.913907,0.627593,-0.028575,0.077267,0.226626,-0.412017,-0.220282,0.585366,1
-0.570926,0.252028,-0.028575,-0.205010,0.296089,-0.456438,-0.496623,-0.520775,0
-0.570926,0.111190,-0.028575,-0.048190,0.435015,-0.094718,1.387931,-0.350599,1
-0.273959,0.048596,-0.028575,0.234087,0.543552,0.057585,0.608741,-0.137880,1
0.319974,-0.639941,-0.080273,0.296815,-0.346445,-0.367595,-0.239913,0.330103,0
-0.570926,-0.233078,0.023123,0.516363,0.296089,0.470072,0.201025,-0.478231,0
-0.273959,0.533702,0.126518,-0.110918,0.070334,-0.342211,-0.058706,-0.265511,1
-0.125476,-0.123538,-0.493855,-0.330466,0.022578,-0.158178,0.232736,-0.350599,0
0.468457,-0.186132,0.281611,0.328179,-0.346445,0.247964,0.989276,0.415191,1
-0.273959,-0.139187,-0.028575,0.045903,0.061651,0.133736,-0.236893,-0.308055,0
-0.125476,-0.342618,0.281611,-0.299102,-0.068593,-0.805466,-0.283704,-0.137880,0
-0.125476,0.956213,0.126518,-0.644106,-0.346445,-0.094718,-0.191591,-0.180424,1
-0.125476,-0.092241,-0.080273,0.579091,0.261357,0.387575,-0.486052,-0.222968,0
0.319974,1.143996,0.229914,-0.644106,-0.346445,-0.538936,-0.517764,1.095893,1
0.023007,0.126839,-0.235366,-0.267738,0.656429,-0.285097,0.083240,-0.095336,0
-0.125476,-0.139187,0.126518,0.296815,-0.346445,-0.024913,-0.415080,-0.350599,1
-0.570926,0.048596,0.023123,-0.016825,-0.346445,-0.291443,-0.329006,0.117383,1
1.359356,0.486756,0.540100,0.390907,-0.220543,-0.329519,0.391292,0.415191,1
-0.273959,-0.139187,0.152367,0.359543,-0.346445,0.235272,-0.489072,-0.520775,0
-0.422443,0.564999,0.074820,0.014539,0.382918,-0.405671,-0.526824,-0.393143,0
-0.422443,0.017299,-0.131971,0.359543,0.330821,0.197196,0.332400,-0.137880,1
0.913907,0.909268,0.023123,-0.644106,-0.346445,0.197196,-0.410549,0.159927,0
-0.273959,-0.295672,0.436705,0.484999,0.174528,0.857176,-0.520784,-0.435687,1
0.319974,-0.248727,0.023123,0.359543,-0.051227,-0.075681,-0.528334,0.159927,0
0.616940,-0.045295,0.074820,-0.048190,-0.346445,-0.564320,1.516286,0.542822,0
-0.273959,-0.530401,-0.287064,-0.142282,-0.120690,0.044893,-0.461891,-0.350599,0
-0.422443,0.924916,-1.786299,-0.644106,-0.346445,0.717565,-0.286724,0.330103,1
1.210873,-0.233078,0.281611,-0.644106,-0.346445,-0.532590,-0.505683,0.457734,0
-0.422443,-0.405212,-0.235366,-0.079554,-0.094641,-0.513552,-0.319946,-0.478231,0
-0.570926,0.690188,0.178216,0.704547,0.760624,1.009479,-0.321456,-0.308055,0
-0.570926,-0.060944,-1.786299,-0.644106,-0.346445,0.114698,0.694814,0.457734,0
0.171490,-0.092241,0.178216,-0.644106,-0.346445,-0.050297,-0.194611,0.457734,1
0.765423,0.486756,0.229914,0.422271,0.395942,0.140082,0.635922,-0.010248,1
0.468457,0.893619,0.385007,-0.644106,-0.346445,0.501802,-0.212732,0.330103,1
-0.422443,0.142488,0.023123,-0.236374,0.109407,-0.386633,0.000187,-0.478231,0
-0.422443,-0.405212,0.126518,0.014539,-0.029520,-0.386633,0.303709,0.117383,0
-0.422443,-1.891827,-0.028575,0.453635,-0.346445,0.000471,-0.125148,-0.478231,0
0.171490,0.017299,0.436705,-0.644106,-0.346445,0.171812,-0.274644,-0.010248,0
0.616940,-0.405212,0.074820,-0.644106,-0.346445,0.305077,0.019818,1.010805,0
0.616940,0.079893,0.488402,0.484999,0.122431,0.412959,-0.185551,0.670454,0
-0.422443,0.283325,-0.597250,-0.048190,0.013895,-0.208946,0.275018,-0.478231,0
-0.125476,-0.076592,-1.786299,-0.644106,-0.346445,-0.538936,-0.430180,-0.435687,0
-0.125476,-0.342618,-0.183668,-0.048190,-0.025178,-0.646817,-0.291255,-0.308055,0
0.171490,-1.891827,0.281611,0.359543,-0.346445,0.571608,-0.190081,0.159927,1
0.023007,-0.452158,0.281611,-0.644106,-0.346445,0.647759,-0.354677,-0.180424,0
0.023007,0.252028,0.385007,-0.644106,-0.346445,-0.050297,-0.332026,-0.137880,0
-0.125476,-0.937264,0.333309,0.234087,-0.346445,0.152774,-0.345617,0.542822,0
-0.422443,-0.483455,-0.183668,-0.267738,-0.159763,-0.304135,0.163273,-0.393143,0
-0.125476,-0.483455,0.229914,-0.644106,-0.346445,0.679489,0.131562,-0.520775,0
0.765423,0.690188,0.488402,-0.644106,-0.346445,-0.101064,-0.256523,0.670454,1
-0.422443,0.064245,-0.493855,0.610455,0.378577,0.082968,0.740116,-0.222968,1
1.359356,0.126839,-1.786299,0.296815,-0.346445,0.501802,0.146663,0.457734,1
1.210873,-0.514752,0.126518,0.610455,-0.112007,0.209888,-0.141759,0.627910,0
-0.422443,1.175293,0.178216,0.484999,0.734575,0.286039,0.608741,-0.180424,1
0.171490,1.065753,-0.131971,0.390907,1.064525,-0.050297,0.167803,-0.180424,1
0.171490,0.580648,0.023123,-0.644106,-0.346445,-0.139140,-0.399979,1.266068,0
0.171490,-0.280024,1.005380,0.516363,-0.346445,0.457380,-0.251993,1.351156,0
0.023007,0.392865,0.229914,-0.644106,-0.346445,0.412959,0.072670,1.436244,1
0.023007,0.408513,0.126518,0.139995,0.925599,0.184504,-0.131188,-0.137880,0
0.171490,-0.342618,-0.390459,0.234087,0.013895,0.127390,0.040958,-0.137880,0
0.319974,0.048596,0.074820,-0.644106,-0.346445,-0.278751,-0.156859,-0.180424,1
-0.570926,-0.311321,-0.131971,-0.110918,-0.346445,-0.697585,-0.332026,-0.520775,0
-0.125476,-0.624292,0.436705,-0.142282,-0.059910,-0.285097,-0.250483,-0.478231,0
-0.422443,0.189433,0.850287,0.234087,0.261357,0.051239,-0.359207,0.500278,1
-0.125476,0.815376,0.333309,0.861367,1.672328,0.406613,2.514436,-0.350599,1
-0.570926,-0.045295,-0.131971,0.077267,0.039944,-2.030237,1.901351,-0.520775,0
-0.570926,-0.577347,-0.131971,0.045903,-0.059910,0.241618,0.110421,-0.520775,0
-0.273959,-0.248727,-0.287064,0.610455,0.061651,0.184504,-0.372798,-0.350599,0
-0.273959,0.017299,-0.442157,0.704547,0.339503,0.267001,0.519647,-0.222968,0
1.210873,0.298973,0.333309,0.704547,1.064525,0.457380,0.084750,1.053349,1
-0.570926,-0.358267,0.333309,-0.173646,0.018236,-0.431054,-0.261053,-0.478231,0
-0.422443,-0.530401,-0.235366,0.516363,-0.020837,0.330461,0.056059,-0.478231,0
0.023007,0.549350,0.152367,-0.644106,-0.346445,1.034863,-0.353167,-0.052792,1
-0.570926,-0.436510,0.798589,0.579091,-0.033861,0.723911,0.829209,0.074840,0
-0.422443,-0.217430,0.074820,0.296815,0.009553,-0.075681,0.527198,-0.393143,0
-0.570926,-0.248727,-0.028575,0.045903,-0.346445,-0.761044,-0.356187,-0.478231,0
-0.422443,-0.186132,-0.235366,-0.393194,0.443698,-0.418363,0.717465,-0.520775,0
-0.422443,-0.483455,-0.183668,-0.079554,-0.090300,-0.437400,1.202194,-0.350599,0
-0.422443,0.064245,0.023123,0.108631,0.131114,-0.488168,-0.378838,-0.350599,0
-0.422443,-0.029647,-0.390459,-0.236374,-0.129373,-0.615087,-0.402999,-0.393143,0
0.171490,-0.076592,0.126518,0.265451,-0.346445,0.019509,0.284078,0.074840,1
0.616940,-0.248727,0.798589,0.484999,-0.346445,0.717565,-0.351657,0.500278,1
0.171490,0.361568,0.333309,0.171359,0.890867,0.000471,-0.030014,1.053349,1
-0.125476,-0.326970,-0.028575,0.077267,0.005212,-0.024913,0.720485,-0.222968,0
-0.422443,-0.326970,-0.080273,0.265451,0.504479,0.000471,-0.042095,0.372647,0
0.171490,0.705836,0.178216,-0.644106,-0.346445,0.869868,-0.199141,-0.265511,1
-0.422443,0.158136,-0.131971,-0.205010,1.455256,-0.526244,-0.125148,-0.520775,0
0.023007,-0.076592,0.074820,-0.267738,0.031261,-0.627779,-0.013404,0.159927,0
0.023007,0.580648,0.229914,-0.644106,-0.346445,0.057585,0.500016,-0.095336,1
-0.273959,0.095542,-0.287064,0.108631,0.847453,-0.272405,1.703534,-0.350599,0
-0.125476,-0.389564,-0.338762,0.422271,0.152821,-0.462784,0.712935,0.245015,0
-0.570926,0.158136,-0.080273,0.610455,-0.346445,0.146428,-0.416590,-0.478231,1
-0.125476,-0.608644,0.023123,-0.644106,-0.346445,-0.691239,-0.125148,-0.350599,0
-0.125476,1.128348,0.023123,0.328179,-0.346445,0.184504,-0.348637,-0.350599,1
0.023007,-0.405212,-0.131971,-0.644106,-0.346445,0.000471,-0.469442,-0.095336,1
0.319974,0.252028,-0.209517,-0.644106,-0.346445,-0.494514,-0.484542,0.925717,0
0.171490,0.236379,0.385007,0.641819,0.035602,0.190850,-0.280684,0.074840,1
0.765423,-0.765130,0.229914,0.139995,-0.346445,-0.024913,-0.289745,0.202471,0
0.171490,0.737133,-0.131971,-0.644106,-0.346445,0.057585,-0.508703,0.330103,1
-0.273959,0.032948,-0.545553,0.359543,0.369894,0.641413,0.072670,-0.308055,0
0.023007,-0.092241,0.074820,-0.644106,-0.346445,-0.196254,-0.144779,0.542822,1
-0.570926,-0.311321,-0.183668,-0.644106,-0.346445,-0.640471,-0.205181,-0.350599,0
0.616940,1.190942,0.126518,-0.644106,-0.346445,-0.386633,1.085919,0.245015,1
-0.422443,0.799728,-0.028575,0.892731,2.167253,0.660451,0.347500,-0.222968,1
0.319974,-0.295672,0.540100,0.579091,-0.346445,0.235272,0.305219,-0.222968,0
-0.422443,-0.139187,0.074820,0.296815,0.417650,0.152774,0.084750,-0.350599,0
-0.422443,0.345919,0.385007,0.077267,0.999404,0.660451,0.912263,-0.478231,0
-0.422443,0.345919,0.126518,0.045903,-0.081617,-0.367595,-0.325986,-0.520775,0
-0.570926,0.267676,-0.235366,0.453635,0.378577,0.165466,0.093810,-0.520775,1
-0.125476,0.815376,0.385007,0.390907,1.711401,0.235272,-0.322966,-0.478231,1
-0.422443,-0.373915,-0.028575,0.014539,-0.346445,-0.304135,0.940954,-0.478231,0
0.023007,0.361568,0.333309,0.359543,-0.346445,0.412959,0.124012,0.159927,1
-0.422443,-0.592995,-0.028575,-0.644106,-0.346445,-0.875272,0.229716,-0.265511,0
-0.125476,0.126839,-0.131971,0.265451,0.152821,-0.354903,-0.381858,-0.222968,1
-0.422443,-0.029647,0.488402,0.641819,0.391601,0.844484,0.053039,-0.308055,0
-0.273959,-0.420861,-0.028575,-0.079554,-0.016495,-0.380287,0.134582,-0.520775,0
-0.570926,-0.295672,-0.131971,0.798639,-0.007812,0.546224,0.036428,-0.520775,0
-0.273959,-0.092241,-0.131971,0.045903,-0.346445,-0.075681,-0.076826,-0.520775,0
0.616940,0.471108,0.229914,0.359543,0.565259,0.692181,0.066629,0.117383,1
0.023007,0.987511,0.229914,0.579091,0.856136,0.317769,-0.313906,-0.095336,1
-0.570926,-0.420861,-1.786299,-0.644106,-0.346445,-2.030237,-0.325986,-0.350599,0
-0.422443,0.940565,-0.131971,0.296815,0.435015,0.133736,-0.217262,0.202471,1
-0.570926,0.220730,0.643496,0.798639,0.283065,0.546224,-0.283704,-0.308055,0
-0.422443,-0.405212,0.333309,0.139995,0.435015,0.190850,-0.360717,0.415191,1
-0.273959,-0.342618,-1.786299,-0.644106,-0.346445,-0.621433,-0.549475,-0.435687,0
-0.125476,-0.499104,0.126518,-0.142282,0.022578,-0.101064,0.119481,0.202471,0
-0.422443,-0.639941,0.126518,-0.299102,-0.085958,-0.126448,0.083240,-0.478231,0
-0.273959,0.283325,0.152367,-0.644106,-0.346445,-0.405671,-0.460381,-0.180424,0
-0.422443,-0.483455,-0.028575,-0.393194,-0.346445,-0.475476,1.005886,0.117383,0
-0.570926,0.314622,-1.786299,-0.644106,-0.346445,0.660451,-0.402999,-0.180424,1
1.210873,0.298973,0.410856,0.390907,-0.346445,0.343153,-0.344107,0.330103,0
0.171490,0.408513,0.152367,-0.644106,-0.346445,-0.132794,-0.057195,-0.222968,0
-0.422443,-0.373915,0.023123,-0.173646,-0.346445,-0.875272,-0.490582,-0.520775,0
0.319974,-0.217430,0.488402,-0.644106,-0.346445,0.305077,0.385252,-0.095336,0
-0.570926,1.065753,0.901984,0.139995,-0.346445,0.146428,-0.055685,0.330103,1
-0.273959,-0.592995,-0.080273,0.077267,-0.129373,0.013163,0.037938,-0.478231,0
0.023007,-0.060944,-0.131971,0.202723,0.174528,0.076623,-0.365248,-0.393143,0
0.616940,-0.201781,0.023123,-0.644106,-0.346445,-0.094718,0.729545,-0.010248,1
0.023007,-0.060944,-0.183668,-0.267738,-0.346445,-0.145486,-0.138739,-0.137880,1
-0.570926,0.924916,0.229914,1.331828,-0.285665,1.739265,2.941782,-0.350599,1
-0.422443,-0.326970,0.074820,-0.267738,-0.042544,-0.424708,0.281058,-0.222968,0
-0.570926,-0.405212,0.281611,0.767275,0.052968,0.286039,-0.214242,-0.308055,0
-0.570926,-0.264375,-0.131971,0.516363,-0.068593,0.102006,0.057569,-0.478231,1
-0.570926,-0.013998,0.126518,-0.079554,-0.072934,-0.094718,-0.282194,-0.308055,0
-0.422443,-0.608644,-0.131971,-0.236374,0.065992,-0.684893,-0.085887,-0.435687,0
-0.273959,0.205082,0.023123,-0.644106,-0.346445,-0.196254,0.105891,-0.435687,1
-0.570926,-0.467807,-0.028575,0.359543,0.565259,0.501802,-0.137229,-0.350599,0
-0.273959,-0.029647,-1.786299,-0.644106,-0.346445,-0.786428,0.543808,1.648963,0
-0.273959,-0.326970,-0.390459,0.234087,0.109407,0.368537,0.039448,-0.393143,0
1.507839,0.846673,-0.183668,0.296815,-0.346445,0.102006,-0.392429,0.202471,1
-0.422443,0.220730,-0.390459,-0.644106,-0.346445,-0.335865,0.324850,1.223524,0
0.171490,-0.546050,-0.028575,0.234087,-0.038202,-0.113756,-0.162900,-0.393143,0
0.913907,0.424162,0.385007,0.861367,0.682478,0.355845,0.799008,0.755542,1
0.765423,0.205082,0.126518,0.390907,-0.085958,-0.386633,-0.017934,2.031858,0
0.765423,-0.013998,0.074820,0.045903,-0.103324,-0.710277,0.394312,0.627910,0
-0.422443,-0.780778,-0.183668,-0.644106,-0.346445,-0.646817,-0.084377,-0.308055,0
0.616940,-0.733832,0.023123,0.610455,-0.133714,0.209888,0.352031,0.245015,0
0.171490,-0.514752,0.229914,0.296815,-0.346445,-0.278751,-0.322966,0.159927,0
0.913907,-0.092241,0.746891,-0.644106,-0.346445,-0.507206,0.830719,0.032296,0
-0.570926,0.048596,-0.338762,-0.236374,0.109407,-0.646817,-0.030014,-0.520775,0
-0.570926,-0.733832,-0.442157,-0.330466,-0.190153,-0.266059,-0.306355,-0.478231,0
-0.570926,-0.373915,-0.131971,0.484999,0.087700,0.305077,0.193474,-0.350599,0
0.616940,-0.013998,-1.786299,-0.644106,-0.346445,-0.126448,-0.436220,0.202471,1
0.319974,0.518053,0.229914,0.641819,0.261357,0.895252,0.149683,-0.265511,0
-0.422443,0.361568,0.333309,0.610455,-0.346445,0.590645,0.204045,-0.222968,0
-0.570926,0.252028,0.023123,0.547727,-0.346445,0.076623,-0.455851,-0.478231,0
-0.570926,-0.029647,-0.080273,0.202723,-0.346445,0.431996,-0.321456,-0.478231,0
0.468457,0.236379,0.540100,-0.644106,-0.346445,-0.132794,-0.395449,0.712998,0
0.023007,-0.107890,-0.131971,-0.644106,-0.346445,-0.196254,-0.522294,-0.393143,0
-0.570926,0.252028,0.385007,0.202723,-0.346445,-0.297789,-0.363738,1.095893,0
-0.273959,-0.248727,0.281611,0.767275,0.482771,0.108352,0.361091,-0.180424,1
0.468457,-0.107890,0.178216,-0.110918,0.131114,-0.519898,-0.008874,-0.095336,0
0.616940,0.079893,0.126518,0.547727,-0.020837,-0.386633,-0.467932,0.245015,0
0.023007,0.173785,0.436705,0.328179,-0.346445,-0.253368,-0.079846,1.266068,0
-0.125476,0.580648,0.023123,0.296815,1.077550,0.222580,-0.193101,0.074840,1
-0.570926,0.032948,0.488402,0.516363,-0.346445,0.203542,-0.415080,-0.180424,0
0.023007,-0.561698,-0.287064,0.045903,-0.133714,-0.266059,-0.250483,-0.222968,0
-0.570926,-0.577347,0.333309,0.328179,0.196236,0.393921,-0.360717,-0.435687,0
-0.570926,0.377216,-1.786299,-0.644106,-0.346445,0.774678,0.238776,-0.095336,1
-0.570926,0.220730,-0.028575,0.673183,0.738917,0.654105,-0.161390,-0.393143,1
-0.422443,0.283325,-0.183668,0.641819,1.737450,0.552570,0.096831,-0.520775,0
-0.570926,0.815376,0.229914,0.359543,0.804038,0.920636,1.037598,1.053349,0
0.023007,-0.342618,0.074820,-0.110918,-0.346445,-0.405671,-0.268604,-0.222968,0
0.616940,1.143996,0.281611,-0.644106,-0.346445,-0.373941,0.119481,1.436244,0
-0.273959,-0.592995,-0.106122,0.234087,-0.059910,0.305077,0.237266,-0.393143,0
-0.273959,-0.499104,0.540100,0.296815,-0.346445,0.095660,-0.271624,0.372647,0
0.023007,-0.342618,-0.028575,0.547727,-0.346445,0.051239,-0.493603,-0.010248,0
0.023007,0.064245,0.023123,-0.079554,0.183211,-0.196254,1.014947,0.500278,1
-0.125476,-0.639941,-1.786299,-0.644106,-0.346445,-2.030237,-0.449811,-0.478231,0
0.319974,0.705836,0.126518,-0.644106,-0.346445,-0.342211,-0.253503,1.393700,0
0.171490,-0.170484,-0.028575,-0.644106,-0.346445,-0.380287,-0.271624,-0.137880,0
-0.273959,-0.624292,0.074820,-0.173646,-0.016495,-0.120102,0.113441,-0.350599,0
0.468457,1.159645,0.023123,0.390907,0.283065,-0.437400,-0.466422,0.925717,1
0.319974,0.518053,0.126518,0.359543,0.491454,-0.170870,0.554379,0.245015,0
-0.273959,-0.060944,0.540100,-0.048190,-0.038202,-0.431054,-0.239913,-0.520775,0
-0.125476,-0.577347,0.074820,0.359543,-0.346445,0.330461,-0.309375,-0.222968,0
0.319974,-1.891827,-0.028575,0.641819,-0.346445,0.444688,0.385252,0.330103,1
0.468457,-0.420861,-0.131971,0.139995,-0.003471,0.082968,0.401863,0.330103,0
-0.125476,-0.389564,0.229914,0.579091,-0.346445,0.336807,-0.353167,0.287559,0
0.913907,-0.718184,0.333309,-0.644106,-0.346445,0.082968,-0.315416,0.202471,0
-0.570926,0.924916,0.540100,0.171359,0.044285,0.286039,-0.238403,0.074840,1
-0.422443,0.142488,-0.235366,0.077267,0.391601,-0.215292,0.332400,-0.520775,0
-0.273959,-0.577347,-0.493855,0.077267,-0.016495,-0.101064,0.749176,-0.520775,0
0.616940,-0.013998,0.229914,-0.644106,-0.346445,-0.443746,-0.094947,1.308612,0
1.210873,-0.577347,0.074820,0.328179,-0.346445,-0.145486,-0.264074,0.542822,1
-0.570926,0.283325,-0.183668,-0.110918,0.565259,-0.627779,-0.399979,-0.520775,0
0.765423,-0.467807,-0.028575,-0.644106,-0.346445,-0.494514,-0.410549,1.053349,0
-0.273959,-0.467807,-0.183668,-0.644106,-0.346445,-0.297789,0.080220,-0.478231,0
-0.125476,-0.342618,-0.390459,-0.048190,0.026919,-0.405671,-0.480012,-0.393143,0
-0.125476,0.658890,0.023123,-0.079554,0.109407,-0.024913,-0.307865,-0.222968,1
0.765423,0.377216,0.488402,0.422271,0.369894,-0.107410,0.451695,0.840629,1
0.468457,0.064245,0.436705,-0.644106,-0.346445,0.355845,-0.253503,0.755542,0
1.359356,-0.702535,-0.235366,-0.644106,-0.346445,0.051239,-0.440751,0.330103,0
0.319974,0.126839,0.540100,-0.424558,1.068867,-0.786428,0.166293,1.138436,0
-0.273959,-0.827724,0.023123,0.359543,-0.059910,-0.443746,-0.430180,-0.350599,0
-0.125476,0.048596,0.281611,0.390907,0.217943,0.076623,-0.251993,-0.308055,0
0.319974,-0.107890,-1.786299,-0.644106,-0.346445,-2.030237,-0.427160,-0.308055,0
0.765423,0.142488,0.023123,-0.644106,-0.346445,0.140082,0.271997,0.500278,1
-0.125476,0.064245,-0.287064,-0.644106,-0.346445,-0.024913,-0.484542,-0.393143,0
-0.125476,-0.530401,-0.235366,-0.079554,-0.346445,-0.646817,-0.042095,-0.520775,0
-0.422443,-0.373915,-0.131971,-0.048190,0.009553,-0.875272,-0.261053,-0.520775,0
-0.125476,-0.076592,0.126518,-0.173646,0.109407,-0.361249,-0.550985,-0.393143,0
-0.570926,-0.060944,-0.080273,0.328179,0.469747,-0.075681,0.031898,-0.478231,0
-0.570926,-0.154835,-0.106122,-0.644106,-0.346445,-0.469130,0.284078,-0.095336,0
-0.273959,0.017299,-0.235366,-0.079554,0.113748,-0.139140,0.370151,-0.478231,0
-0.570926,-0.217430,0.178216,-0.644106,-0.346445,0.844484,0.323339,-0.393143,0
-0.422443,-0.546050,-0.080273,0.986823,-0.064251,0.590645,0.672163,-0.180424,0
0.319974,-0.467807,-1.786299,-0.644106,-0.346445,-0.139140,0.043979,-0.095336,0
-0.422443,-0.686887,-0.338762,0.296815,-0.103324,0.082968,1.176523,-0.393143,0
0.023007,0.173785,-1.786299,-0.644106,-0.346445,0.057585,-0.256523,-0.435687,1
-0.570926,-0.248727,0.540100,-0.644106,-0.346445,-0.151832,-0.415080,0.542822,0
-0.570926,-0.999858,-0.235366,-0.644106,-0.346445,-0.653163,0.397332,1.436244,0
-0.570926,0.095542,0.281611,0.516363,0.565259,0.273347,0.501526,-0.435687,0
-0.125476,0.126839,0.591798,0.892731,0.326479,0.279693,0.749176,-0.052792,1
0.616940,-0.326970,0.126518,0.610455,0.586966,0.470072,0.285588,0.415191,1
-0.125476,0.111190,0.074820,0.139995,0.478430,0.025855,0.116461,-0.265511,1
0.913907,-0.483455,0.410856,0.359543,-0.346445,0.184504,0.533238,0.968261,1
0.023007,-0.577347,0.540100,0.077267,-0.103324,0.476418,-0.472462,-0.350599,0
-0.422443,-0.514752,0.229914,0.265451,-0.016495,0.000471,-0.161390,-0.180424,0
0.616940,1.018808,0.540100,0.453635,0.630381,0.159120,-0.073806,0.159927,1
0.171490,1.034456,0.178216,0.202723,0.552234,0.736603,0.848840,0.840629,1
0.023007,0.158136,-0.028575,0.014539,0.374235,0.070277,-0.470952,-0.222968,0
-0.422443,0.674539,0.333309,0.704547,-0.055568,0.051239,-0.197631,0.712998,0
0.023007,1.065753,1.057078,0.328179,-0.346445,-0.221638,0.314279,0.159927,0
-0.422443,-0.076592,0.023123,0.234087,-0.346445,-0.291443,-0.404509,-0.520775,0
-0.125476,-0.577347,-0.028575,0.296815,0.113748,-0.005875,0.179884,-0.350599,0
0.319974,-0.107890,0.488402,-0.644106,-0.346445,-0.266059,-0.339577,1.393700,0
-0.422443,-0.514752,-0.183668,0.108631,-0.155422,-0.132794,-0.075316,-0.435687,0
-0.422443,-0.577347,-0.131971,0.077267,0.152821,0.311423,-0.001323,-0.222968,0
0.468457,0.048596,0.023123,0.390907,0.586966,-0.412017,-0.469442,0.159927,0
-0.422443,-0.373915,0.023123,0.610455,-0.346445,0.387575,-0.383368,-0.137880,0
0.616940,-0.170484,0.178216,-0.644106,-0.346445,-0.266059,-0.354677,1.053349,0
1.062390,-0.280024,-0.028575,0.610455,-0.346445,0.901598,-0.522294,0.372647,0
1.062390,-0.561698,0.126518,-0.644106,-0.346445,-0.120102,-0.259543,0.074840,0
0.319974,0.064245,0.178216,-0.644106,-0.346445,0.114698,-0.529844,0.883173,1
-0.570926,1.206591,-0.080273,0.359543,0.843111,0.590645,0.045489,-0.222968,1
-0.422443,-0.530401,-0.028575,0.422271,-0.012154,0.355845,-0.107027,-0.393143,0
0.319974,-0.342618,-0.235366,-0.048190,-0.112007,-0.323173,0.037938,-0.052792,0
-0.570926,-0.467807,0.281611,-0.644106,-0.346445,0.025855,0.194984,-0.265511,0
-0.273959,-0.405212,-0.390459,-0.205010,0.035602,-0.373941,0.416963,-0.478231,0
-0.422443,-0.342618,0.074820,0.296815,-0.268299,0.419304,-0.090417,-0.520775,0
0.319974,-0.452158,-0.183668,0.359543,0.200577,0.000471,-0.584206,0.542822,0
0.023007,0.518053,0.074820,0.265451,0.200577,-0.043951,-0.202161,0.159927,0
-0.570926,0.001650,-0.080273,0.296815,0.369894,0.146428,-0.406019,-0.010248,1
-0.125476,-0.671238,0.023123,-0.644106,-0.346445,0.032201,-0.304845,0.245015,0
-0.273959,0.142488,0.695193,-0.644106,-0.346445,-0.596049,-0.307865,-0.520775,0
-0.125476,-0.154835,-0.287064,0.328179,-0.155422,-0.158178,-0.063236,-0.478231,0
-0.273959,-0.358267,-0.235366,-0.110918,0.174528,0.171812,-0.413569,-0.478231,0
-0.422443,0.345919,0.436705,0.296815,1.086233,-0.120102,0.634412,-0.435687,0
-0.422443,-0.029647,-0.648948,0.830003,-0.072934,0.222580,-0.289745,-0.350599,0
0.319974,-0.201781,-0.648948,-0.016825,0.217943,-0.507206,0.515117,0.074840,0
-0.273959,-0.045295,0.281611,-0.644106,-0.346445,0.692181,0.333910,-0.520775,1
0.913907,0.189433,-0.028575,-0.644106,-0.346445,-0.316827,-0.342597,0.117383,0
-0.273959,1.190942,0.023123,2.460933,-0.346445,0.171812,0.155723,1.223524,1
-0.570926,0.471108,0.540100,0.798639,-0.346445,0.641413,-0.152329,-0.520775,1
0.319974,-0.186132,-0.235366,0.202723,-0.346445,-0.443746,-0.401489,-0.265511,0
1.210873,0.001650,0.229914,-0.110918,-0.346445,-0.348557,-0.321456,1.223524,0
0.616940,-0.326970,0.178216,-0.644106,-0.346445,0.425650,-0.425650,0.372647,0
0.616940,0.048596,0.178216,0.108631,2.258423,-0.208946,0.324850,0.798085,1
-0.422443,-0.436510,-0.338762,-0.299102,-0.346445,-0.602395,-0.082866,-0.478231,0
0.616940,0.345919,-0.080273,-0.644106,-0.346445,0.184504,-0.517764,0.330103,1
0.319974,-0.280024,-0.080273,-0.644106,-0.346445,-0.488168,-0.336556,-0.180424,0
-0.125476,0.862322,0.436705,0.202723,0.330821,0.082968,1.030047,0.798085,1
-0.570926,-0.749481,-1.786299,-0.644106,-0.346445,-0.691239,-0.196121,-0.350599,0
1.062390,-0.154835,0.385007,0.610455,-0.346445,0.939673,0.684244,0.500278,1
-0.273959,-0.139187,0.229914,0.924095,0.261357,0.470072,-0.448301,-0.393143,0
-0.125476,0.173785,0.281611,-0.644106,-0.346445,0.152774,-0.105517,0.457734,1
-0.273959,-0.608644,-0.442157,0.045903,0.152821,-0.221638,1.853030,-0.350599,0
0.319974,0.032948,0.074820,0.767275,0.652088,0.102006,0.394312,0.032296,0
-0.570926,1.050105,0.333309,-0.205010,0.456723,0.000471,0.317299,-0.478231,1
-0.570926,-0.843372,0.178216,-0.644106,-0.346445,0.844484,-0.419610,0.542822,0
-0.422443,-0.499104,-1.165926,-0.048190,-0.237909,-0.266059,0.131562,-0.520775,0
-0.422443,0.815376,0.126518,-0.644106,-0.346445,0.305077,-0.579676,0.202471,1
-0.422443,-0.186132,-0.804041,-0.079554,0.174528,-0.564320,-0.097967,-0.308055,0
-0.422443,-0.201781,0.488402,-0.048190,-0.346445,-0.310481,-0.108537,-0.393143,0
0.319974,-0.389564,-1.786299,-0.644106,-0.346445,-0.526244,-0.425650,-0.222968,0
-0.422443,0.048596,0.126518,0.484999,-0.346445,-0.266059,-0.561555,-0.137880,0
0.468457,0.455459,0.229914,0.265451,0.200577,0.203542,0.332400,0.883173,1
0.023007,0.971862,-1.786299,-0.644106,-0.346445,-0.227984,-0.392429,0.117383,1
-0.422443,0.048596,-0.235366,0.359543,-0.346445,0.241618,0.063609,-0.520775,0
-0.422443,0.940565,0.229914,0.673183,0.925599,0.508148,1.187093,-0.478231,1
-0.422443,-0.452158,-0.183668,0.139995,-0.168446,-0.792774,0.015287,-0.350599,0
-0.570926,0.486756,0.333309,0.579091,0.834429,0.603337,-0.304845,-0.265511,0
-0.422443,-0.154835,-0.183668,-0.236374,0.443698,-0.507206,-0.504173,-0.435687,0
-0.125476,-0.233078,-0.390459,0.014539,0.339503,-0.069335,-0.271624,-0.393143,0
-0.125476,0.831025,-0.287064,0.045903,0.495796,0.057585,0.182904,0.117383,1
0.468457,0.737133,0.488402,0.673183,1.047160,0.393921,0.475855,0.287559,1
0.319974,-0.248727,0.281611,0.234087,-0.346445,0.032201,0.613271,-0.308055,0
1.062390,0.267676,0.126518,0.171359,0.278723,0.260655,0.128542,0.712998,1
-0.125476,-0.233078,0.074820,-0.644106,-0.346445,-0.392979,-0.399979,-0.265511,0
0.319974,-0.060944,0.695193,-0.644106,-0.346445,-0.208946,-0.475482,-0.137880,0
-0.273959,-0.827724,-0.183668,-0.236374,-0.281324,-0.754699,-0.324476,-0.435687,0
0.765423,-0.139187,0.333309,0.108631,-0.346445,-0.240676,1.223335,0.712998,1
-0.570926,-0.029647,-1.786299,-0.644106,-0.346445,0.025855,-0.499643,-0.393143,1
-0.273959,-0.139187,0.436705,0.673183,0.348186,0.406613,-0.341087,-0.222968,0
-0.273959,-0.452158,0.178216,-0.016825,-0.346445,-0.494514,1.851520,-0.222968,0
0.319974,0.971862,0.643496,-0.644106,-0.346445,0.558916,1.493635,0.500278,0
-0.570926,-0.420861,0.023123,0.202723,0.152821,0.730257,-0.188571,-0.520775,0
-0.273959,-0.201781,-0.131971,-0.644106,-0.346445,-0.075681,-0.473972,-0.520775,0
0.023007,-0.483455,0.488402,0.830003,-0.112007,0.362191,-0.165920,-0.180424,0
-0.570926,0.064245,-0.028575,-0.644106,-0.346445,-0.462784,-0.401489,-0.520775,0
-0.570926,0.173785,0.229914,-0.644106,-0.346445,0.025855,-0.119108,-0.520775,0
0.171490,0.111190,0.281611,-0.644106,-0.346445,0.165466,-0.495113,0.500278,0
0.023007,-0.420861,-0.106122,0.045903,-0.346445,-0.462784,-0.489072,-0.520775,0
0.468457,-0.107890,-0.131971,-0.644106,-0.346445,-0.291443,0.392802,0.032296,1
-0.570926,-0.295672,0.229914,0.610455,0.044285,0.159120,-0.353167,-0.393143,0
-0.273959,-0.154835,-0.235366,-0.644106,-0.346445,-0.367595,-0.194611,-0.435687,0
-0.422443,0.111190,0.333309,-0.110918,0.448040,-0.285097,-0.538904,-0.478231,0
0.913907,-0.452158,-0.183668,-0.644106,-0.346445,-0.386633,-0.460381,-0.095336,0
1.359356,-0.264375,0.074820,-0.644106,-0.346445,-0.050297,-0.010384,0.202471,1
0.171490,-0.264375,0.126518,-0.644106,-0.346445,-0.202600,-0.481522,0.627910,0
-0.273959,-0.420861,0.178216,-0.079554,-0.059910,-0.024913,0.267467,-0.435687,0
0.468457,-0.373915,0.178216,0.359543,0.048626,0.565262,0.602700,-0.052792,1
-0.422443,-0.326970,0.126518,-0.267738,-0.146739,-0.792774,-0.487562,-0.222968,0
-0.570926,-0.295672,0.436705,-0.110918,0.109407,-0.170870,0.336930,-0.265511,0
0.023007,0.111190,0.023123,-0.644106,-0.346445,0.146428,-0.255013,-0.393143,0
0.319974,0.408513,0.281611,-0.644106,-0.346445,-0.158178,-0.443771,0.712998,1
0.023007,-0.483455,-1.786299,-0.644106,-0.346445,-0.253368,0.208575,-0.095336,0
-0.125476,-0.280024,0.074820,0.296815,0.313455,-0.278751,0.389782,-0.265511,0
-0.273959,0.564999,0.126518,0.453635,1.563792,0.470072,-0.510213,-0.137880,0
-0.422443,0.721485,0.126518,-0.110918,0.278723,-0.545282,-0.037565,-0.010248,1
-0.570926,0.909268,-0.493855,0.484999,0.343845,0.368537,-0.025484,-0.478231,1
1.062390,0.236379,0.385007,0.453635,0.217943,-0.234330,-0.319946,0.372647,1
-0.570926,-0.217430,-0.235366,0.139995,-0.346445,-0.354903,-0.511723,-0.435687,0
-0.422443,-0.467807,-0.390459,0.139995,0.087700,-0.431054,-0.359207,-0.435687,0
-0.422443,-0.060944,-0.235366,0.077267,0.113748,0.114698,-0.008874,-0.265511,0
0.171490,0.032948,0.126518,0.610455,-0.012154,0.133736,-0.306355,-0.222968,0
-0.273959,-0.013998,-0.390459,-0.644106,-0.346445,-0.329519,-0.025484,-0.265511,0
-0.422443,-0.233078,0.023123,0.234087,0.239650,0.140082,-0.498133,-0.478231,0
-0.273959,0.533702,-0.442157,0.202723,1.997937,0.425650,-0.350147,-0.350599,1
-0.273959,-0.311321,-0.287064,0.453635,0.044285,-0.646817,-0.478502,-0.478231,0
-0.422443,-0.013998,0.281611,0.861367,0.521844,0.438342,1.042128,0.330103,0
1.062390,0.095542,0.953682,-0.644106,-0.346445,0.444688,-0.425650,0.755542,0
-0.125476,-0.639941,0.333309,0.328179,-0.042544,0.140082,1.238435,-0.265511,1
0.913907,0.643242,0.385007,-0.644106,-0.346445,-0.272405,-0.437730,0.883173,0
-0.422443,1.222239,0.178216,0.704547,-0.346445,0.692181,1.392462,-0.478231,1
0.616940,0.721485,0.953682,0.798639,0.656429,0.355845,-0.463401,0.415191,1
0.765423,0.377216,0.281611,0.798639,0.217943,0.374883,0.249347,0.287559,1
0.319974,-0.092241,-0.235366,0.579091,-0.346445,0.108352,-0.342597,0.287559,1
-0.422443,-0.139187,0.281611,0.767275,0.226626,0.178158,-0.384878,-0.393143,0
0.023007,0.377216,0.333309,-0.079554,-0.346445,0.032201,-0.357697,1.563875,1
0.913907,-0.154835,0.023123,0.202723,-0.346445,-0.285097,-0.499643,0.287559,1
0.319974,-0.358267,-0.287064,0.390907,0.478430,0.127390,-0.063236,0.415191,0
0.765423,0.518053,0.229914,0.296815,0.087700,-0.069335,-0.464911,0.500278,0
0.319974,0.690188,-0.028575,0.171359,0.382918,0.102006,0.240286,0.670454,0
-0.422443,-0.342618,-0.287064,-0.330466,-0.346445,-0.418363,0.119481,-0.520775,0
0.913907,-0.827724,0.953682,0.077267,-0.133714,0.222580,-0.282194,0.585366,0
-0.125476,0.032948,0.798589,0.453635,0.695502,1.605999,0.616291,-0.478231,0
0.616940,-0.467807,0.333309,-0.644106,-0.346445,0.228926,0.173844,1.478787,0
0.319974,1.159645,0.023123,-0.644106,-0.346445,-0.069335,-0.217262,-0.095336,1
0.765423,0.549350,0.436705,-0.644106,-0.346445,-0.456438,-0.365248,0.840629,1
-0.570926,-0.436510,-0.235366,-0.644106,-0.346445,0.209888,-0.315416,-0.350599,0
-0.125476,0.001650,-0.442157,-0.644106,-0.346445,0.254309,-0.520784,-0.350599,1
-0.273959,-0.311321,-0.287064,-0.110918,0.804038,-0.494514,0.214615,-0.435687,0
-0.273959,-1.015507,-0.338762,0.234087,-0.151080,-0.494514,-0.211222,-0.478231,0
-0.570926,0.643242,0.178216,0.484999,-0.346445,1.117360,-0.162900,-0.308055,1
-0.570926,-0.405212,-0.131971,0.579091,0.109407,0.800062,-0.159879,-0.478231,0
0.023007,0.064245,0.281611,-0.644106,-0.346445,0.019509,0.096831,-0.265511,1
0.171490,0.236379,0.333309,-0.644106,-0.346445,-2.030237,0.253877,1.521331,0
-0.273959,0.126839,0.126518,0.171359,0.543552,0.076623,0.179884,-0.350599,0
-0.125476,0.142488,-0.131971,-0.644106,-0.346445,-0.564320,-0.238403,-0.478231,0
-0.422443,-0.217430,-0.493855,-0.048190,-0.346445,-0.234330,-0.439240,-0.180424,0
-0.422443,0.298973,0.126518,0.171359,0.435015,-0.500860,0.537768,-0.435687,0
-0.422443,0.361568,0.333309,0.798639,0.435015,0.895252,-0.206691,0.542822,1
0.616940,-0.217430,0.281611,-0.644106,-0.346445,-0.469130,0.580050,0.032296,0
1.359356,0.580648,1.160473,-0.644106,-0.346445,0.654105,-0.324476,0.457734,1
-0.273959,0.001650,0.023123,0.359543,0.065992,0.451034,0.625351,-0.435687,0
0.468457,0.126839,-0.028575,0.892731,0.196236,0.412959,-0.049645,0.415191,1
-0.273959,-0.483455,-0.235366,-0.644106,-0.346445,-0.538936,-0.424140,-0.350599,0
0.468457,0.330270,0.540100,0.108631,1.737450,-0.101064,-0.519274,0.415191,1
-0.125476,0.752782,0.126518,-0.048190,0.196236,-0.132794,-0.307865,-0.095336,1
-0.570926,-0.342618,-1.786299,-0.644106,-0.346445,-0.443746,-0.330516,-0.478231,0
0.023007,0.095542,0.488402,-0.299102,0.326479,0.159120,0.190454,-0.222968,0
0.023007,-0.045295,0.023123,-0.644106,-0.346445,0.793716,0.652532,-0.308055,0
-0.273959,0.017299,0.178216,0.202723,0.521844,0.247964,0.016797,-0.308055,0
0.319974,0.064245,0.229914,0.328179,-0.346445,-0.278751,0.140622,0.670454,1
-0.422443,0.737133,0.488402,0.265451,-0.346445,0.190850,0.654042,0.798085,1
-0.273959,0.126839,-1.786299,-0.644106,-0.346445,0.412959,-0.253503,0.330103,0
0.023007,-0.170484,0.178216,-0.016825,0.087700,-0.227984,-0.534374,-0.265511,0
0.319974,-0.639941,0.281611,0.484999,-0.346445,0.495456,-0.445281,-0.222968,0
0.913907,-0.092241,-1.786299,-0.644106,-0.346445,-2.030237,-0.318436,-0.137880,1
-0.273959,0.095542,-0.597250,0.014539,1.107940,0.152774,-0.446791,-0.478231,0
0.765423,0.674539,0.229914,-0.644106,-0.346445,0.051239,-0.489072,0.500278,1
-0.273959,-0.436510,-0.131971,0.359543,0.348186,0.381229,0.305219,-0.435687,1
-0.125476,0.580648,-0.131971,-0.236374,1.333695,-0.050297,-0.267094,-0.393143,0
0.171490,0.079893,0.229914,0.202723,-0.250933,-0.151832,-0.049645,0.287559,0
0.913907,0.126839,-0.183668,0.484999,-0.346445,0.584300,-0.046625,0.202471,1
-0.570926,0.205082,-0.287064,-0.016825,0.916916,-0.354903,-0.181020,-0.520775,0
-0.125476,-0.295672,0.126518,-0.644106,-0.346445,-0.158178,-0.529844,-0.052792,0
0.468457,1.034456,-0.493855,0.390907,1.355402,0.121044,0.534748,0.032296,1
-0.125476,0.815376,0.229914,0.579091,0.456723,0.114698,0.752196,-0.095336,1
0.913907,-0.420861,0.074820,-0.079554,-0.346445,-0.564320,0.185924,0.968261,0
-0.422443,-0.201781,-0.235366,0.798639,0.426332,0.222580,-0.085887,-0.393143,0
0.171490,-0.373915,0.178216,0.202723,-0.346445,0.228926,-0.141759,0.798085,1
0.023007,-0.592995,0.436705,-0.048190,-0.346445,-0.170870,-0.233872,0.032296,0
-0.422443,-0.107890,-0.080273,0.484999,0.521844,0.387575,-0.276154,-0.520775,0
-0.422443,0.439810,-0.028575,0.265451,0.204919,-0.170870,-0.185551,0.372647,1
0.171490,-0.060944,0.436705,0.296815,0.109407,0.451034,-0.333536,0.372647,0
-0.422443,-0.154835,0.643496,-0.644106,-0.346445,0.051239,-0.312395,0.500278,0
0.023007,-0.139187,0.229914,0.610455,-0.346445,0.470072,-0.356187,0.202471,0
-0.422443,-0.076592,0.229914,0.265451,0.435015,0.260655,0.036428,-0.350599,0
-0.570926,0.314622,0.385007,0.171359,-0.346445,0.025855,-0.058706,-0.478231,0
-0.273959,0.846673,0.488402,-0.644106,-0.346445,-0.577012,-0.220282,-0.478231,0
-0.273959,-0.452158,-0.442157,-0.644106,-0.346445,-0.120102,-0.499643,-0.478231,0
-0.125476,0.142488,0.229914,0.077267,-0.003471,-0.227984,-0.224812,0.032296,1
0.616940,-0.013998,0.436705,-0.644106,-0.346445,-0.227984,-0.321456,-0.478231,1
-0.273959,0.831025,0.488402,0.516363,0.174528,0.793716,0.262937,-0.393143,1
-0.273959,-0.233078,-0.338762,0.202723,0.369894,-0.189908,-0.069276,-0.478231,0
-0.273959,-0.248727,0.152367,-0.644106,-0.346445,-0.551628,0.133072,0.840629,0
0.023007,-0.405212,-0.235366,0.359543,-0.346445,0.216234,-0.283704,-0.222968,0
-0.570926,0.079893,0.436705,0.202723,0.174528,-0.291443,0.065119,-0.520775,0
0.616940,-0.874670,0.074820,0.077267,-0.346445,0.000471,0.193474,0.372647,0
-0.273959,-0.342618,-0.235366,-0.110918,0.348186,0.292385,-0.028504,-0.520775,0
-0.422443,-0.295672,0.126518,-0.644106,-0.346445,0.476418,-0.270114,0.372647,1
1.062390,-0.013998,0.281611,0.516363,0.304772,0.654105,0.472835,0.627910,1
-0.125476,-0.295672,-0.648948,-0.016825,0.061651,-0.075681,-0.108537,-0.308055,0
-0.422443,-0.186132,-0.287064,-0.079554,0.157163,-0.221638,-0.381858,-0.478231,0
0.765423,0.298973,0.643496,-0.644106,-0.346445,0.044893,0.395822,0.500278,1
1.359356,0.502405,0.488402,0.516363,0.261357,0.546224,1.060248,0.245015,0
1.210873,-0.326970,0.385007,0.390907,0.109407,-0.126448,0.024348,0.542822,0
-0.422443,0.408513,0.643496,0.641819,-0.346445,1.098322,-0.171960,-0.265511,1
-0.422443,-0.624292,0.126518,0.641819,-0.098983,0.907944,0.942464,-0.052792,0
-0.125476,1.034456,0.023123,0.045903,0.521844,0.279693,-0.096457,0.117383,1
0.319974,0.643242,-0.183668,-0.644106,-0.346445,-0.488168,-0.443771,0.712998,1
0.023007,0.236379,0.023123,-0.644106,-0.346445,-0.050297,1.072329,-0.478231,1
-0.422443,0.001650,0.229914,0.579091,-0.025178,0.444688,-0.318436,-0.222968,0
-0.125476,-0.201781,-0.183668,0.108631,-0.346445,-0.380287,-0.375818,-0.350599,0
-0.570926,0.940565,0.488402,0.735911,1.867693,0.717565,-0.377328,-0.308055,1
0.616940,0.518053,0.229914,0.359543,-0.346445,0.025855,-0.043605,0.500278,1
-0.422443,0.111190,0.488402,0.579091,0.131114,0.286039,0.883572,0.159927,1
0.468457,0.252028,0.540100,0.641819,-0.346445,0.000471,-0.122128,0.245015,0
-0.570926,0.032948,0.074820,-0.644106,-0.346445,0.273347,-0.322966,0.798085,1
-0.422443,-0.233078,0.178216,-0.644106,-0.346445,0.349499,-0.415080,-0.308055,0
0.319974,1.081402,0.591798,-0.644106,-0.346445,0.222580,-0.292765,1.393700,1
-0.273959,-0.514752,-0.287064,0.171359,-0.276982,-0.227984,0.444144,-0.478231,0
0.765423,0.768430,0.126518,0.328179,-0.346445,0.761986,-0.104007,0.415191,1
0.765423,-0.499104,-0.183668,-0.644106,-0.346445,-0.602395,-0.498133,-0.010248,0
0.913907,-0.311321,0.178216,0.861367,0.435015,0.057585,-0.454341,1.266068,0
-0.273959,0.017299,0.023123,0.202723,-0.346445,0.305077,-0.199141,-0.265511,0
0.171490,0.001650,0.074820,0.077267,0.139797,-0.367595,-0.342597,-0.137880,0
-0.422443,0.079893,-0.235366,-0.644106,-0.346445,-0.120102,-0.185551,0.585366,1
-0.422443,-0.436510,0.023123,0.328179,-0.346445,-0.101064,-0.236893,-0.435687,0
