0.071049,0.107731,0.000030,0.152109,0.070851,-0.493075,-0.191789,1
0.005594,0.004112,0.214258,-0.084312,0.098716,-0.894082,-0.461007,1
-0.096033,-0.180100,0.721192,-0.381819,0.104024,-0.333739,-0.594596,1
-0.173546,-0.237667,0.519691,-0.344489,0.159754,-0.480408,-0.614991,1
0.222629,0.165298,0.687255,0.033333,0.402580,-0.781746,-0.237678,1
-0.080531,-0.134047,0.511206,-0.274354,0.070851,-0.412740,-0.461007,1
-0.027133,-0.026590,0.188805,-0.074132,0.000524,-0.038067,-0.192808,1
-0.127038,-0.176263,0.426364,-0.235894,0.057582,-0.333406,-0.416137,1
0.307031,0.345672,0.078510,0.480158,0.273869,-0.553409,0.478197,1
0.274303,0.265079,0.360611,0.288985,0.326945,-0.577076,0.127398,1
0.071049,0.111569,-0.029665,0.096680,-0.022033,0.280938,-0.095931,1
-0.140818,-0.153236,0.182442,-0.215532,-0.076437,-0.661078,-0.415117,1
-0.164933,-0.206965,0.360611,-0.214401,-0.079090,0.095268,-0.683316,1
-0.183881,-0.191614,0.103962,-0.169153,-0.136148,-0.188070,-0.546667,1
-0.190771,-0.195451,0.072146,-0.165759,-0.191878,-0.256071,-0.594596,1
-0.044358,-0.107183,0.600291,-0.313947,0.098716,0.161603,-0.639466,1
-0.147708,-0.279882,1.003293,-0.576386,0.165062,0.511275,-0.639466,1
0.145116,0.073191,0.738160,-0.114855,0.338888,-0.700412,-0.369228,1
-0.025411,-0.134047,0.939661,-0.479102,0.275196,-0.644411,-0.774075,1
-0.366465,-0.379663,-0.050875,-0.455347,-0.278128,0.133936,-0.503837,1
-0.118426,-0.061130,-0.267224,0.033333,-0.171974,-0.209404,-0.236658,1
-0.127038,-0.114858,0.025483,-0.122773,-0.120225,-0.337406,-0.192808,1
0.177844,0.130758,0.589686,-0.011915,0.329599,-0.978416,-0.323338,1
-0.476705,-0.510147,-0.097539,-0.599010,-0.428069,-0.761746,-0.455908,1
0.027986,0.077029,-0.112386,0.181520,-0.018052,-0.636411,-0.415117,1
0.231241,0.230539,0.294858,0.231293,0.215485,-0.932416,-0.103069,1
-0.314790,-0.306746,-0.146323,-0.264174,-0.308647,-0.109068,-0.594596,1
-0.363020,-0.341286,-0.309645,-0.264174,-0.401531,-0.398740,-0.549726,1
-0.127038,-0.145561,0.233347,-0.099018,-0.049898,-0.315405,-0.377386,1
-0.240723,-0.206965,-0.224802,-0.127298,-0.256897,-0.056401,-0.317220,1
-0.290675,-0.283720,-0.101781,-0.197433,-0.376319,-0.948416,-0.359030,1
0.110666,0.146109,0.029725,0.145322,0.149139,-0.096068,-0.183631,1
-0.130483,-0.057292,-0.383882,0.100074,-0.096340,0.073268,-0.111227,1
-0.156321,-0.149398,0.038209,-0.049245,-0.144109,-0.525409,-0.403900,1
0.034876,0.046327,0.146384,0.094418,0.092082,-0.523742,-0.049022,1
0.219184,0.169135,0.615138,0.091024,0.300407,-0.476741,0.035619,1
0.232964,0.272755,0.050936,0.223375,0.272542,-0.292405,0.121279,1
0.384543,0.314970,0.782702,0.230162,0.563136,-0.248071,0.077429,1
-0.008186,-0.015077,0.239710,0.031070,0.039005,-0.196070,-0.101030,1
-0.097756,-0.149398,0.496359,-0.261911,0.052274,0.994950,-0.415117,1
-0.225221,-0.272206,0.341521,-0.317340,-0.136148,-0.371073,-0.234619,1
-0.232111,-0.272206,0.301221,-0.313947,-0.133494,-0.483741,-0.236658,1
-0.290675,-0.387339,0.634228,-0.554893,-0.076437,-0.413074,-0.637426,1
0.112389,0.115407,0.233347,0.281066,0.182312,0.336939,0.122299,1
0.045211,-0.007401,0.585444,-0.056032,0.269888,-0.190737,-0.232579,1
-0.180436,-0.199289,0.178200,-0.285666,-0.137475,-0.713412,-0.455908,1
0.088274,0.077029,0.320311,0.081975,0.178331,-0.777746,-0.281528,1
0.024541,0.000274,0.366974,-0.066213,0.157100,-0.247404,-0.237678,1
-0.009908,-0.015077,0.231226,-0.094493,0.042986,-0.332072,-0.302943,1
0.002149,0.042489,-0.072086,0.055957,-0.000802,-0.523742,-0.058199,1
-0.071918,-0.061130,0.086994,-0.049245,0.017774,0.091602,-0.269291,1
0.160619,0.134595,0.451817,0.051432,0.232734,0.630944,-0.277449,1
-0.061583,0.019463,-0.364792,0.097811,-0.193205,0.138602,-0.012310,1
-0.089143,-0.107183,0.256679,-0.140872,-0.079090,-0.124069,-0.187710,1
-0.056416,0.015625,-0.324492,0.127223,-0.193205,-0.739746,0.080489,1
0.031431,0.080867,-0.110265,0.083106,-0.061841,-0.589077,0.031540,1
-0.066751,-0.080319,0.229105,-0.272092,0.157100,-0.299405,-0.371267,1
0.012484,-0.049617,0.627865,-0.276617,0.203542,-0.852748,-0.326398,1
0.091719,0.080867,0.311827,0.037858,0.212831,-0.567076,-0.189749,1
-0.471538,-0.418041,-0.674468,-0.531138,-0.300685,-0.732746,-0.906644,1
-0.590390,-0.652144,-0.057238,-0.701949,-0.542184,-0.333406,-0.816905,1
-0.623117,-0.740412,0.275768,-0.821857,-0.503703,-0.477075,-0.719007,1
-0.428475,-0.525498,0.451817,-0.625027,-0.287416,-0.160069,-0.818944,1
-0.280340,-0.276044,-0.063602,-0.264174,-0.250262,0.152269,-0.326398,1
-0.356130,-0.379663,0.012757,-0.414624,-0.308647,-0.841414,-0.638446,1
-0.338905,-0.406528,0.358490,-0.553762,-0.185244,-0.449408,-0.816905,1
-0.087421,-0.072643,0.033967,0.001659,-0.091033,-0.795747,-0.263172,1
-0.144263,-0.103345,-0.180260,-0.022096,-0.133494,-0.494408,-0.281528,1
-0.082253,-0.064968,0.033967,-0.067344,-0.140128,-0.745413,-0.110207,1
-0.364743,-0.310584,-0.534478,-0.244943,-0.499722,-0.055734,-0.347813,1
0.479281,0.545235,-0.078449,0.636264,0.401253,0.125269,0.664814,2
0.343203,0.426265,-0.184502,0.417942,0.299080,0.324939,0.478197,2
0.415548,0.449291,0.112447,0.395318,0.445041,0.279605,0.390497,2
0.734210,0.652692,0.786945,0.594409,0.890884,-0.254738,0.684190,2
0.339758,0.364861,0.161231,0.439435,0.301734,0.101268,0.441486,2
0.331146,0.407076,-0.152686,0.337626,0.238042,0.406607,0.394576,2
0.425883,0.518371,-0.235408,0.492601,0.191600,0.041267,0.524087,2
1.009810,1.024954,0.112447,1.075171,0.736962,0.250271,1.063542,2
0.704928,0.740961,0.084873,0.923590,0.504752,0.454608,0.972783,2
0.391433,0.380212,0.386064,0.250524,0.407887,-0.280738,0.344608,2
0.289806,0.299619,0.239710,0.278804,0.276523,0.610610,0.481256,2
0.667033,0.625828,0.566354,0.426991,0.794019,0.541276,0.480237,2
0.921962,0.894471,0.390306,0.742597,0.803308,0.490942,0.794324,2
0.813445,0.836904,0.146384,0.854586,0.681232,-0.742746,0.882024,2
0.803110,0.825391,0.148505,0.834225,0.719712,-0.246071,0.792285,2
0.589520,0.587450,0.339400,0.615902,0.520675,-0.419074,0.804522,2
0.694593,0.652692,0.549386,0.515225,0.670616,-0.683745,0.714783,2
0.711818,0.806202,-0.254497,1.041235,0.545886,-0.003067,1.111471,2
1.090767,1.017279,0.591807,1.068384,1.027556,0.693278,0.839194,2
1.039092,0.955875,0.680891,0.929246,1.026229,0.438607,0.930973,2
0.904737,0.932848,0.076389,1.077433,0.698481,-0.581743,1.061503,2
0.673923,0.629666,0.581201,0.614771,0.713077,-0.193403,0.657676,2
0.682535,0.664205,0.415759,0.727891,0.576405,-0.154403,0.657676,2
0.644640,0.572099,0.755129,0.462059,0.798000,0.766946,0.478197,2
0.605023,0.752474,-0.547204,1.173585,0.300407,0.410940,1.060483,2
0.348371,0.418589,-0.131476,0.577441,0.271215,-0.001400,0.569976,2
0.768660,0.779338,0.222742,0.805944,0.731654,-0.074401,0.846332,2
0.711818,0.771663,-0.048754,0.928114,0.389310,-0.518742,1.065582,2
0.572295,0.652692,-0.154807,0.726760,0.336234,-0.282405,0.882024,2
0.667033,0.683394,0.212137,0.667938,0.564463,-0.504075,0.702545,2
0.269136,0.265079,0.330916,0.101205,0.353484,0.172270,0.214078,2
0.541290,0.499182,0.598170,0.295772,0.577732,-0.544076,0.437406,2
0.794497,0.744798,0.583323,0.548030,0.840461,0.202603,0.612806,2
0.746268,0.794689,0.014878,0.837618,0.560482,-0.114402,0.837154,2
0.706650,0.714096,0.252437,0.700743,0.658674,-0.110735,0.754553,2
0.685980,0.664205,0.439090,0.462059,0.699808,-0.382406,0.480237,2
0.689425,0.618152,0.733918,0.592147,0.726347,-0.285738,0.807581,2
0.479281,0.499182,0.190926,0.457534,0.417176,0.015600,0.531225,2
0.877177,0.905984,0.089115,1.183766,0.669289,-0.149403,1.164499,2
0.637750,0.637341,0.328795,0.593278,0.551194,-0.654078,0.495533,2
0.620525,0.598964,0.447575,0.541243,0.677251,-0.488408,0.393557,2
0.780717,0.829229,0.012757,0.762959,0.706443,-0.007400,0.567936,2
0.737655,0.671881,0.689376,0.627214,0.853730,-0.530409,0.526126,2
0.739378,0.787014,0.025483,0.713186,0.634790,0.993950,0.657676,2
1.054594,1.032630,0.316069,1.057072,0.971826,0.325605,0.925874,2
0.725598,0.725610,0.305463,0.890785,0.610905,-0.484075,0.769850,2
0.708373,0.629666,0.778460,0.477896,0.847096,0.211270,0.348687,2
0.741100,0.725610,0.381822,0.697349,0.738289,-0.205403,0.792285,2
0.696315,0.641179,0.632107,0.676987,0.677251,-0.020400,0.568956,2
0.892680,0.898308,0.214258,0.977887,0.794019,-0.212404,0.929953,2
0.928852,0.902146,0.396669,0.776533,0.933345,0.733612,0.795344,2
0.567128,0.598964,0.131536,0.486945,0.403906,-0.027067,0.614846,2
0.227796,0.314970,-0.258739,0.150978,0.170369,0.195270,0.300758,2
0.617080,0.541397,0.778460,0.397580,0.679905,-0.238737,0.506750,2
0.196791,0.126920,0.750887,-0.300372,0.429118,-0.121402,-0.269291,2
0.672200,0.621990,0.613017,0.545768,0.809942,0.162603,0.595470,2
0.654975,0.710258,-0.025422,0.742597,0.445041,0.230271,0.707644,2
0.539568,0.495344,0.600291,0.396449,0.568444,-0.481075,0.521027,2
0.915072,0.948199,0.053057,1.000511,0.682558,-0.596743,0.792285,2
0.465501,0.422427,0.596049,0.183783,0.572425,0.555276,0.257928,2
0.594688,0.510695,0.844213,0.396449,0.658674,-0.287738,0.564877,2
0.704928,0.675719,0.492117,0.583097,0.751558,-0.264071,0.551620,2
0.091719,0.130758,-0.008454,0.288985,0.012467,0.253938,0.394576,2
0.226074,0.295781,-0.139960,0.244868,0.180985,0.188603,0.394576,2
0.122724,0.126920,0.239710,0.166815,0.198235,0.423940,0.447604,2
0.091719,0.038652,0.593928,-0.171415,0.273869,-0.033401,0.031540,2
0.432773,0.460805,0.159110,0.584229,0.418502,-0.058068,0.574055,2
0.124446,0.226702,-0.388124,0.329708,-0.036629,-0.353406,0.480237,2
0.129614,0.211351,-0.275708,0.230162,0.036351,-0.325072,0.350726,2
0.238131,0.238215,0.296979,0.275410,0.283157,0.022934,0.524087,2
-0.306178,-0.245342,-0.487814,-0.177071,-0.351108,0.534609,-0.013330,3
-0.263115,-0.237667,-0.205713,-0.099018,-0.246282,1.111619,0.032560,3
-0.259670,-0.233829,-0.190865,-0.270961,-0.244955,0.764946,-0.103069,3
-0.452590,-0.475607,-0.122991,-0.457609,-0.386935,0.589610,-0.190769,3
-0.521490,-0.444905,-0.924753,-0.355801,-0.639048,0.256938,-0.234619,3
-0.626562,-0.548525,-1.151707,-0.395393,-0.758471,0.822947,-0.135702,3
-0.588667,-0.548525,-0.795368,-0.511907,-0.716009,-0.493075,-0.281528,3
-0.406083,-0.421879,-0.110265,-0.408968,-0.386935,0.240271,-0.414098,3
-0.369910,-0.325935,-0.464482,-0.274354,-0.461242,-0.146736,-0.093891,3
-0.698907,-0.625280,-1.278971,-0.352407,-0.810220,0.587277,-0.218303,3
-0.519767,-0.510147,-0.453877,-0.413492,-0.555453,0.498275,-0.103069,3
-0.488763,-0.398852,-0.977780,-0.252862,-0.640375,1.097285,-0.140800,3
-0.445700,-0.368150,-0.799610,-0.249468,-0.564741,0.351939,-0.049022,3
-0.631730,-0.583064,-0.941722,-0.462134,-0.750509,-0.122735,-0.415117,3
-0.600725,-0.579227,-0.695678,-0.513038,-0.668240,0.115935,-0.147939,3
-0.630007,-0.579227,-0.969295,-0.428198,-0.774394,0.704279,-0.192808,3
-0.604170,-0.648306,-0.241771,-0.651045,-0.543510,-0.117735,-0.413078,3
-0.468093,-0.318259,-1.334118,-0.265305,-0.681510,0.374940,-0.191789,3
-0.533547,-0.398852,-1.331997,-0.208745,-0.770413,0.225937,-0.100010,3
-0.578332,-0.513985,-0.948085,-0.367113,-0.747855,0.562609,-0.100010,3
-0.397470,-0.341286,-0.604473,-0.200826,-0.503703,-0.206070,0.084568,3
-0.487040,-0.471770,-0.439030,-0.315078,-0.595260,0.190270,-0.102049,3
-0.481873,-0.441068,-0.623562,-0.408968,-0.546164,0.429274,-0.369228,3
-0.395748,-0.379663,-0.322371,-0.334308,-0.385608,0.239604,-0.236658,3
-0.638620,-0.679008,-0.322371,-0.698556,-0.616491,0.895948,-0.366169,3
-0.473260,-0.540849,0.176079,-0.592222,-0.421434,-0.499742,-0.359030,3
-0.414695,-0.371988,-0.525993,-0.350145,-0.479819,0.407940,-0.140800,3
-0.464648,-0.425716,-0.566293,-0.239287,-0.559433,-0.020734,-0.071456,3
-0.602447,-0.552362,-0.888695,-0.511907,-0.783682,0.212270,-0.281528,3
-0.621395,-0.598415,-0.744463,-0.609191,-0.721317,-0.059734,-0.326398,3
-0.659290,-0.598415,-1.105043,-0.343358,-0.739894,1.011617,-0.249915,3
-0.567997,-0.560038,-0.540841,-0.522088,-0.548818,1.004950,-0.461007,3
-0.616227,-0.609929,-0.617199,-0.611453,-0.657625,0.202937,-0.416137,3
-0.593835,-0.567713,-0.710526,-0.557155,-0.657625,0.629277,-0.325378,3
-0.692017,-0.613766,-1.295939,-0.396524,-0.819509,0.493942,-0.227480,3
-0.697185,-0.763439,-0.254497,-0.732492,-0.580664,0.357606,-0.351892,3
-0.617950,-0.594578,-0.752947,-0.500595,-0.727952,0.544942,-0.322319,3
-0.707520,-0.702035,-0.808095,-0.546974,-0.818182,0.333939,-0.453868,3
-0.580055,-0.579227,-0.502662,-0.507382,-0.664260,0.725279,-0.414098,3
-0.454313,-0.418041,-0.545083,-0.307159,-0.485126,-0.679745,-0.234619,3
-0.592112,-0.617604,-0.318129,-0.609191,-0.641702,0.418940,-0.594596,3
-0.411250,-0.441068,-0.008454,-0.444035,-0.320589,0.428941,-0.266232,3
-0.457758,-0.460256,-0.277829,-0.439510,-0.463896,0.385606,-0.255014,3
-0.550772,-0.571551,-0.286313,-0.588829,-0.542184,0.502942,-0.278469,3
-0.337183,-0.302908,-0.358429,-0.151053,-0.308647,0.828281,-0.093891,3
-0.566275,-0.479445,-1.085954,-0.300372,-0.763778,0.120602,-0.230540,3
-0.523212,-0.425716,-1.085954,-0.243812,-0.719990,0.399273,-0.057180,3
-0.678237,-0.675170,-0.716889,-0.611453,-0.774394,0.159603,-0.461007,3
-0.623117,-0.667495,-0.246013,-0.610322,-0.580664,1.274621,-0.459987,3
-0.733357,-0.824843,-0.131476,-0.825250,-0.625779,0.424940,-0.626209,3
-0.674792,-0.675170,-0.678710,-0.658963,-0.718663,0.565943,-0.370248,3
-0.616227,-0.652144,-0.311766,-0.608059,-0.603222,0.094935,-0.415117,3
-0.512877,-0.590740,0.180321,-0.561680,-0.405511,-0.034401,-0.281528,3
-0.693740,-0.663657,-0.962932,-0.507382,-0.834105,0.384273,-0.325378,3
-0.471538,-0.494796,-0.150565,-0.444035,-0.376319,0.143936,-0.403900,3
-0.352685,-0.418041,0.318190,-0.530006,-0.175955,0.390940,-0.503837,3
-0.354408,-0.395014,0.161231,-0.457609,-0.271493,0.594277,-0.458967,3
-0.254503,-0.299071,0.294858,-0.349014,-0.173301,0.323272,-0.323338,3
-0.383690,-0.341286,-0.485693,-0.247206,-0.461242,-0.131402,-0.180571,3
-0.359575,-0.452581,0.538780,-0.628421,-0.137475,-0.290738,-0.589497,3
-0.425030,-0.429554,-0.214197,-0.463265,-0.357742,0.590610,-0.370248,3
-0.375078,-0.475607,0.566354,-0.729098,-0.164013,-0.466741,-0.676177,3
-0.631730,-0.705872,-0.063602,-0.700818,-0.595260,0.116935,-0.591537,3
-0.369910,-0.441068,0.347885,-0.503989,-0.222397,1.585293,-0.416137,3
-0.426753,-0.418041,-0.303282,-0.480233,-0.396223,0.072935,-0.415117,3
-0.457758,-0.521660,0.154868,-0.556024,-0.368358,-0.023067,-0.548707,3
-0.623117,-0.644468,-0.422061,-0.552630,-0.615164,0.208270,-0.413078,3
-0.283785,-0.345124,0.366974,-0.444035,-0.035302,1.538293,-0.359030,3
-0.518045,-0.517823,-0.400851,-0.513038,-0.560760,-0.034067,-0.371267,3
-0.438810,-0.467932,-0.055117,-0.436116,-0.377646,0.645611,-0.351892,3
