-0.833847,-0.826757,-0.928769,-0.838453,-0.856389,1
-0.644949,-0.640938,-0.725828,-0.371936,0.832520,4
-0.692173,-0.687393,-0.827298,-0.352497,-0.237122,2
-0.597724,-0.594483,-0.624358,0.425031,-0.293419,3
-0.644949,-0.640938,-0.766416,1.066493,-0.406013,2
-0.621336,-0.478346,-0.117006,-0.644071,0.382144,3
-0.597724,-0.594483,-0.056123,-0.274745,0.194488,3
-0.479663,-0.780302,-0.238770,-0.060924,-0.837623,1
-0.361602,-0.501573,-0.218476,0.561099,-0.387248,2
-0.833847,-0.826757,0.085935,-0.449689,0.738692,4
-0.408826,-0.408664,0.187406,-0.255306,0.663629,4
-0.692173,-0.687393,0.106229,-0.041486,-0.293419,2
-0.597724,-0.594483,0.126523,0.677728,-0.218357,3
-0.597724,-0.594483,0.491817,-0.546880,0.832520,4
-0.361602,-0.362209,0.491817,-0.255306,0.269550,3
-0.550500,-0.548028,0.593287,-0.158115,0.644863,4
-0.715785,-0.664165,0.491817,-0.819015,-0.762561,1
-0.597724,-0.246072,-0.725828,-0.682947,-0.237122,2
-0.479663,-0.083480,-0.827298,-0.313621,-0.312185,2
-0.361602,-0.153162,-0.421417,0.114020,0.194488,3
-0.550500,-0.176390,-0.522887,0.677728,-0.481076,2
-0.408826,-0.129935,-0.177888,-0.605194,0.382144,3
-0.597724,-0.199617,-0.299652,-0.274745,0.363378,3
-0.408826,-0.106708,-0.279358,-0.022048,-0.330951,2
-0.692173,-0.153162,-0.218476,0.638852,-0.387248,2
-0.621336,-0.129935,0.451229,-0.488565,0.738692,4
-0.739398,-0.176390,0.187406,-0.352497,-0.668732,1
-0.621336,-0.234458,0.288876,0.036267,-0.387248,2
-0.644949,-0.071867,0.329464,0.988740,0.194488,4
-0.479663,-0.188004,0.694758,-0.430250,0.663629,4
-0.550500,-0.257686,0.593287,-0.235868,0.250785,3
-0.479663,-0.141549,0.593287,0.425031,-0.406013,2
-0.597724,-0.232136,0.491817,0.638852,-0.556139,2
-0.408826,-0.083480,-0.847593,-0.469127,0.682395,4
-0.361602,0.218476,-0.360535,-0.235868,0.607332,4
-0.692173,-0.013798,-0.685240,-0.002609,-0.312185,2
-0.597724,0.148794,-0.482299,0.561099,-0.368482,2
-0.408826,0.102339,-0.279358,-0.682947,-0.237122,2
-0.621336,-0.060253,-0.299652,-0.333059,-0.856389,1
-0.385214,0.055884,-0.157594,0.114020,-0.011935,3
-0.786622,-0.060253,-0.198182,0.638852,-0.668732,2
-0.361602,0.311385,0.288876,-0.449689,0.607332,4
-0.503275,0.311385,0.187406,-0.274745,0.269550,3
-0.408826,-0.060253,0.309170,0.405593,-0.387248,3
-0.562306,-0.013798,0.390346,-0.313621,-0.781326,1
-0.432438,0.009429,0.694758,-0.566318,0.382144,3
-0.597724,0.079111,0.593287,-0.235868,0.307082,3
-0.526887,0.079111,0.796228,-0.099801,0.588566,4
-0.408826,-0.037026,0.512111,0.541661,0.832520,4
-0.621336,0.357840,-0.888181,-0.488565,0.400910,3
-0.692173,0.334613,-0.746122,-0.294183,-0.387248,2
-0.290765,0.799161,-0.543181,0.152896,-0.011935,3
-0.621336,0.450750,-0.685240,0.677728,-0.762561,2
-0.267152,0.915298,-0.279358,-0.488565,0.757457,4
-0.408826,0.845615,-0.177888,-0.274745,0.175722,3
-0.597724,0.566887,-0.259064,-0.022048,-0.368482,2
-0.361602,0.381068,-0.198182,0.794358,-0.387248,3
-0.621336,0.566887,0.410640,-0.469127,0.250785,3
-0.408826,0.357840,0.248288,-0.196992,0.682395,4
-0.644949,0.520432,0.288876,0.405593,-0.668732,2
-0.621336,0.590114,0.146817,0.619414,-0.837623,2
-0.692173,0.961752,0.532405,-0.469127,0.194488,3
-0.479663,1.008207,0.654169,-0.255306,0.100659,3
-0.361602,0.752706,0.552699,0.094582,-0.330951,2
-0.267152,0.520432,0.613581,0.716605,-0.330951,3
-0.243540,-0.594483,-0.867887,-0.663509,-0.574904,1
-0.078254,-0.362209,-0.807004,-0.333059,-0.406013,1
-0.149091,-0.687393,-0.543181,0.230649,0.100659,3
-0.172703,-0.594483,-0.685240,-0.294183,-0.255888,2
-0.125479,-0.640938,-0.117006,-0.799576,0.400910,3
-0.196316,-0.548028,-0.177888,-0.274745,0.232019,3
-0.101867,-0.594483,-0.096712,-0.022048,0.551035,4
-0.149091,-0.478346,-0.259064,0.444470,-0.706264,1
-0.125479,-0.362209,0.126523,-0.255306,0.138191,3
-0.172703,-0.455119,0.471523,-0.196992,0.607332,4
-0.231734,-0.408664,0.085935,-0.060924,-0.668732,1
-0.208122,-0.687393,0.227994,0.619414,-0.668732,2
-0.184510,-0.594483,0.532405,-0.644071,-0.293419,2
-0.255346,-0.594483,0.512111,-0.333059,-0.481076,1
-0.137285,-0.362209,0.816522,0.016829,-0.330951,2
-0.078254,-0.548028,0.674463,0.638852,-0.406013,2
-0.137285,-0.246072,-0.401123,-0.605194,0.400910,3
-0.090061,-0.083480,-0.340241,-0.274745,0.307082,3
-0.243540,-0.153162,-0.624358,0.094582,-0.368482,2
-0.196316,-0.594483,-0.725828,0.522222,-0.387248,2
-0.248263,-0.129935,-0.299652,-0.449689,-0.800092,1
-0.066448,-0.246072,-0.157594,-0.235868,0.626098,4
-0.196316,-0.106708,-0.279358,-0.041486,-0.330951,2
-0.149091,-0.153162,-0.117006,0.677728,-0.518607,2
-0.149091,-0.129935,0.126523,-0.663509,0.400910,3
-0.224650,-0.176390,0.370052,-0.274745,0.194488,3
-0.078254,-0.234458,0.187406,0.677728,-0.218357,3
-0.241179,-0.211231,0.227994,0.327840,-0.687498,1
-0.153814,-0.106708,0.674463,-0.391374,-0.406013,2
-0.071171,-0.083480,0.877404,-0.216430,0.644863,4
-0.231734,-0.118321,0.816522,0.366717,-0.574904,2
-0.137285,-0.246072,0.552699,0.658290,-0.499842,2
-0.224650,-0.246072,-0.330094,-0.196992,0.588566,4
-0.149091,-0.246072,-0.340241,-0.274745,0.213253,3
-0.260069,-0.199617,-0.766416,-0.022048,-0.312185,2
-0.196316,-0.176390,-0.563475,0.094582,-0.368482,2
-0.127840,-0.083480,-0.299652,-0.196992,0.776223,4
-0.125479,-0.199617,-0.299652,-0.235868,0.156956,3
-0.255346,-0.222845,-0.157594,0.114020,-0.349716,2
-0.137285,-0.153162,-0.299652,0.638852,-0.668732,2
-0.149091,-0.129935,0.207700,-0.352497,0.400910,3
-0.219928,-0.176390,0.288876,-0.274745,0.250785,3
-0.113673,-0.234458,0.349758,-0.060924,0.156956,3
-0.078254,-0.199617,0.126523,0.736043,-0.293419,3
-0.127840,-0.141549,0.694758,-0.119239,0.719926,4
-0.182148,-0.234458,0.715052,-0.313621,-0.237122,2
-0.224650,-0.106708,0.857110,-0.060924,-0.293419,2
-0.078254,-0.176390,0.532405,0.891549,0.232019,4
-0.057003,0.450750,-0.888181,-0.060924,0.626098,4
-0.137285,0.543659,-0.340241,-0.235868,0.175722,3
-0.160897,0.659796,-0.563475,0.347279,-0.011935,3
-0.208122,0.566887,-0.360535,0.444470,-0.725029,1
-0.090061,0.775933,-0.360535,0.716605,0.457207,4
-0.172703,0.984980,-0.035829,-0.508003,0.382144,3
-0.066448,0.590114,0.004759,-0.216430,0.663629,4
-0.172703,0.683024,-0.117006,0.425031,-0.612435,2
-0.231734,0.915298,-0.218476,0.561099,-0.387248,2
-0.113673,0.450750,0.085935,-0.624632,-0.231493,2
-0.125479,1.147572,0.167111,-0.352497,0.701160,3
-0.066448,1.263709,0.126523,0.114020,0.569801,4
-0.097144,1.031435,0.430934,0.949863,0.081894,4
-0.127840,0.799161,0.999169,-0.410812,0.382144,4
-0.208122,0.938525,0.694758,-0.294183,-0.330951,2
-0.231734,0.845615,0.532405,0.386155,-0.593670,2
-0.137285,0.566887,0.532405,0.872110,-0.330951,3
0.087031,-0.710620,-0.888181,-0.721824,-0.218357,2
0.110644,-0.408664,-0.401123,-0.333059,0.400910,3
0.228705,-0.733847,-0.563475,0.230649,-0.725029,1
0.299542,-0.548028,-0.360535,0.522222,0.475972,4
0.110644,-0.548028,-0.096712,-0.644071,0.363378,3
0.134256,-0.408664,-0.259064,-0.235868,0.081894,3
0.063419,-0.594483,-0.117006,0.094582,-0.368482,2
0.039807,-0.687393,-0.279358,0.677728,-0.668732,2
0.134256,-0.617710,0.248288,-0.488565,0.232019,3
0.063419,-0.803530,0.146817,-0.313621,-0.293419,2
-0.054642,-0.733847,0.085935,0.230649,-0.668732,1
0.157868,-0.478346,0.410640,0.677728,-0.105763,3
0.205093,-0.640938,0.694758,-0.410812,0.194488,3
0.087031,-0.478346,0.715052,-0.410812,-0.312185,2
0.157868,-0.338982,0.836816,0.250087,0.044362,3
0.252317,-0.362209,0.613581,1.008178,0.363378,4
0.028001,-0.262331,-0.543181,-0.371936,-0.199591,2
-0.054642,-0.199617,-0.522887,-0.196992,-0.668732,1
-0.019224,-0.132258,-0.725828,0.405593,-0.612435,2
0.299542,-0.129935,-0.624358,0.425031,0.588566,4
0.323154,-0.257686,-0.157594,-0.566318,0.757457,4
-0.045197,-0.141549,-0.259064,-0.216430,-0.293419,2
0.016195,-0.153162,-0.177888,0.094582,-0.612435,1
0.087031,-0.222845,-0.137300,0.658290,-0.593670,2
0.181480,-0.118321,0.106229,-0.663509,0.344613,3
0.205093,-0.083480,0.187406,-0.196992,0.119425,3
0.228705,-0.132258,0.349758,-0.138677,0.100659,3
0.334960,-0.185681,0.248288,0.658290,0.701160,4
0.264123,-0.227490,0.552699,-0.488565,0.250785,3
0.287736,-0.083480,0.674463,-0.235868,0.156956,3
-0.012140,-0.062576,0.755640,0.347279,-0.518607,2
0.075225,-0.222845,0.613581,0.794358,-0.293419,3
0.216899,0.079111,-0.888181,-0.371936,0.794988,4
0.181480,0.218476,-0.380829,-0.313621,0.813754,4
-0.054642,-0.037026,-0.725828,0.114020,-0.631201,1
0.110644,-0.060253,-0.685240,-0.255306,0.832520,4
-0.031030,0.102339,-0.157594,-0.449689,0.288316,3
0.063419,0.009429,0.004759,0.114020,0.607332,4
-0.007418,0.055884,-0.279358,0.327840,-0.556139,2
0.134256,0.311385,-0.238770,-0.430250,0.870051,4
0.157868,0.009429,0.349758,-0.760700,-0.387248,2
0.181480,0.055884,0.329464,-0.196992,0.063128,3
0.205093,-0.060253,0.268582,0.191773,0.738692,4
0.110644,0.148794,0.248288,0.619414,-0.556139,2
0.252317,0.195248,0.877404,-0.605194,0.382144,3
0.063419,0.079111,0.674463,-0.196992,-0.293419,2
0.087031,0.148794,0.755640,0.425031,-0.499842,2
0.323154,-0.037026,0.857110,0.619414,0.475972,4
0.252317,0.659796,-0.482299,-0.410812,0.269550,3
0.205093,0.450750,-0.705534,-0.333059,0.701160,4
0.028001,0.752706,-0.725828,0.386155,-0.518607,2
0.228705,0.683024,-0.543181,1.085931,0.175722,4
0.252317,0.984980,-0.157594,-0.371936,0.813754,4
0.039807,0.450750,-0.096712,-0.274745,-0.293419,2
0.063419,0.543659,-0.299652,0.366717,-0.481076,2
0.323154,0.659796,-0.238770,0.677728,-0.462310,2
0.334960,1.077889,0.430934,-0.819015,0.888817,4
0.205093,0.775933,0.309170,-0.274745,0.213253,3
0.028001,0.497205,0.268582,0.230649,-0.387248,2
0.323154,1.263709,0.126523,0.910987,0.025597,4
0.216899,0.799161,0.735346,-0.527441,0.344613,3
0.157868,0.799161,0.532405,-0.255306,0.644863,4
0.039807,0.566887,0.633875,-0.060924,0.081894,3
0.110644,0.590114,0.512111,0.872110,0.400910,4
0.582889,-0.501573,-0.482299,-0.624632,0.382144,3
0.464827,-0.594483,-0.380829,-0.352497,-0.312185,2
0.771787,-0.385436,-0.543181,0.094582,-0.668732,1
0.889848,-0.362209,-0.786710,0.561099,-0.368482,2
1.007909,-0.478346,-0.157594,-0.488565,0.325847,3
0.464827,-0.594483,-0.238770,-0.255306,-0.668732,1
0.559277,-0.408664,-0.299652,0.230649,-0.687498,1
0.677338,-0.617710,-0.259064,0.425031,0.081894,3
0.582889,-0.385436,0.187406,-0.682947,-0.668732,1
0.795399,-0.780302,0.329464,-0.255306,-0.312185,2
1.007909,-0.338982,0.451229,0.425031,0.551035,4
0.630113,-0.501573,0.126523,0.736043,-0.574904,2
0.819011,-0.408664,0.857110,-0.663509,0.382144,3
0.937073,-0.791916,0.654169,-0.235868,0.138191,3
0.464827,-0.431891,0.512111,0.094582,-0.649967,1
1.173195,-0.710620,0.917992,0.716605,0.419675,4
1.007909,-0.199617,-0.664946,-0.566318,0.307082,3
1.055134,-0.153162,-0.807004,-0.235868,0.100659,3
1.291256,-0.222845,-0.543181,0.288964,0.626098,4
0.960685,-0.227490,-0.786710,0.774919,-0.218357,3
0.866236,-0.083480,0.045347,-0.449689,0.269550,3
0.582889,-0.243749,-0.137300,-0.274745,-0.293419,2
0.393991,-0.157808,-0.279358,0.133458,-0.293419,2
0.582889,-0.106708,-0.299652,0.852672,0.232019,4
0.370378,-0.234458,0.187406,-0.508003,0.344613,3
0.535664,-0.141549,0.329464,-0.294183,-0.293419,2
0.606501,-0.227490,0.207700,0.366717,-0.406013,2
0.984297,-0.206585,0.268582,0.677728,-0.330951,3
1.031522,-0.176390,0.857110,-0.449689,0.382144,3
0.771787,-0.199617,0.654169,-0.235868,0.213253,3
0.535664,-0.132258,0.552699,0.386155,-0.462310,2
0.984297,-0.153162,0.572993,0.755481,0.419675,4
0.842624,0.276544,-0.664946,-0.391374,0.250785,3
0.535664,-0.018444,-0.807004,-0.274745,-0.274654,2
1.244032,-0.048639,-0.543181,0.230649,0.607332,4
1.503767,0.311385,-0.786710,0.522222,0.438441,4
0.889848,0.172021,-0.279358,-0.605194,0.363378,3
0.606501,-0.060253,-0.198182,-0.294183,-0.330951,2
0.370378,0.102339,-0.117006,0.308402,-0.424779,2
1.125971,0.195248,0.065641,0.930425,0.382144,4
0.724562,0.055884,0.187406,-0.546880,0.307082,3
0.535664,-0.013798,0.106229,-0.313621,-0.293419,2
0.401074,0.125566,0.187406,0.327840,-0.443545,2
0.724562,0.009429,0.207700,-0.060924,0.701160,4
0.630113,0.032657,0.715052,-0.585756,0.344613,3
0.393991,0.195248,0.735346,-0.255306,0.119425,3
0.346766,0.102339,0.552699,0.366717,-0.481076,2
0.842624,0.241703,0.999169,0.677728,0.757457,4
0.677338,0.450750,-0.624358,-0.488565,0.325847,3
0.393991,1.147572,-0.807004,-0.313621,-0.387248,2
0.630113,0.613342,-0.441711,0.425031,-0.387248,3
1.314869,0.520432,-0.401123,0.891549,0.794988,4
0.630113,0.729479,-0.137300,-0.644071,0.382144,3
0.535664,0.520432,-0.299652,-0.274745,-0.312185,2
1.267644,0.752706,0.065641,0.425031,0.832520,4
0.866236,0.566887,-0.015535,0.697166,-0.011935,3
0.771787,0.636569,0.390346,-0.663509,0.382144,3
0.488440,0.566887,0.288876,-0.235868,0.081894,3
0.441215,0.357840,0.187406,0.405593,-0.499842,2
0.606501,0.984980,0.471523,0.949863,0.232019,4
1.007909,0.590114,0.512111,-0.469127,0.269550,3
0.441215,1.077889,0.512111,-0.274745,0.588566,4
0.346766,0.915298,0.715052,0.347279,-0.368482,3
0.724562,1.263709,0.613581,0.852672,0.532269,4
-0.833847,-0.594483,0.085935,-0.333059,-0.762561,1
-0.715785,-0.710620,0.187406,0.327840,-0.593670,2
-0.644949,-0.408664,0.349758,0.327840,0.738692,4
-0.361602,-0.362209,0.451229,0.463908,0.738692,4
-0.314377,-0.315754,0.897698,-0.255306,0.832520,4
-0.503275,-0.501573,0.491817,0.133458,-0.293419,2
-0.456051,-0.455119,0.694758,0.133458,0.081894,3
-0.550500,-0.548028,0.593287,0.483346,-0.574904,2
-0.361602,-0.362209,0.857110,0.658290,0.644863,4
-0.456051,-0.246072,-0.908475,-0.644071,-0.725029,1
-0.574112,-0.153162,-0.522887,-0.741262,0.382144,3
-0.408826,-0.222845,-0.827298,-0.060924,-0.781326,1
-0.337989,-0.083480,-0.421417,0.133458,0.644863,4
-0.526887,-0.176390,-0.563475,0.619414,-0.255888,3
-0.290765,-0.153162,-0.015535,-0.488565,0.794988,4
-0.597724,-0.199617,-0.218476,0.036267,-0.762561,1
-0.314377,-0.106708,-0.076418,0.872110,0.644863,4
-0.833847,-0.246072,0.085935,-0.663509,-0.725029,1
-0.715785,-0.153162,0.248288,-0.566318,-0.255888,2
-0.597724,-0.129935,0.248288,-0.294183,0.175722,3
-0.361602,-0.083480,0.390346,-0.235868,0.813754,4
-0.385214,-0.176390,0.227994,0.288964,-0.537373,2
-0.574112,-0.222845,0.207700,0.483346,-0.349716,2
-0.550500,-0.176390,0.491817,-0.527441,-0.255888,2
-0.408826,-0.153162,0.654169,-0.546880,0.288316,3
-0.361602,-0.246072,0.491817,-0.352497,-0.800092,1
-0.456051,-0.176390,0.532405,-0.313621,-0.255888,2
-0.574112,-0.129935,0.674463,0.716605,-0.255888,3
-0.408826,-0.106708,0.715052,0.522222,-0.105763,3
-0.597724,-0.060253,-0.888181,-0.838453,-0.387248,1
-0.408826,0.032657,-0.705534,-0.294183,-0.293419,2
-0.526887,0.102339,-0.583770,-0.352497,-0.143294,2
-0.574112,0.148794,-0.157594,0.755481,-0.274654,3
-0.314377,0.288158,0.025053,0.677728,0.663629,4
-0.503275,0.055884,0.268582,-0.624632,-0.255888,2
-0.479663,0.148794,0.288876,-0.546880,0.307082,3
-0.621336,0.055884,0.167111,0.502784,-0.462310,2
-0.361602,0.311385,0.451229,0.638852,0.607332,4
-0.550500,0.613342,-0.502593,-0.255306,0.250785,3
-0.503275,0.683024,-0.543181,-0.333059,0.382144,3
-0.456051,0.357840,-0.746122,-0.099801,-0.668732,1
-0.550500,0.473977,-0.664946,0.094582,-0.255888,2
-0.361602,1.147572,-0.441711,0.697166,0.738692,4
-0.456051,0.381068,-0.319946,-0.663509,-0.649967,1
-0.337989,0.984980,-0.076418,-0.216430,0.719926,4
-0.644949,0.473977,-0.259064,-0.060924,-0.668732,1
-0.503275,0.590114,-0.137300,0.250087,0.194488,3
-0.408826,0.799161,-0.096712,0.463908,-0.237122,3
-0.314377,1.031435,-0.035829,0.677728,0.794988,4
-0.597724,0.566887,0.106229,-0.644071,-0.837623,1
-0.479663,0.729479,0.207700,-0.702385,0.382144,3
-0.833847,0.613342,0.126523,-0.333059,-0.725029,1
-0.574112,1.217254,0.430934,0.444470,0.813754,4
-0.644949,0.473977,0.491817,-0.566318,-0.668732,1
-0.337989,1.263709,0.897698,-0.410812,0.870051,4
-0.644949,0.520432,0.512111,-0.313621,-0.687498,1
-0.526887,0.613342,0.633875,-0.294183,-0.274654,2
-0.337989,1.217254,0.836816,0.250087,0.926348,4
-0.314377,1.170799,0.755640,0.891549,0.363378,4
-0.361602,0.984980,0.917992,0.755481,0.738692,4
-0.243540,-0.826757,-0.725828,-0.605194,-0.162060,2
-0.149091,-0.594483,-0.583770,0.599975,0.119425,3
-0.125479,-0.408664,-0.462005,0.910987,0.719926,4
-0.078254,-0.780302,-0.238770,-0.585756,-0.274654,2
-0.172703,-0.548028,-0.157594,-0.508003,0.269550,3
-0.219928,-0.617710,-0.259064,-0.294183,-0.255888,2
-0.172703,-0.455119,-0.096712,0.152896,0.194488,3
-0.219928,-0.548028,-0.238770,0.483346,-0.312185,2
-0.101867,-0.362209,0.004759,0.677728,0.701160,4
-0.243540,-0.710620,0.146817,-0.644071,-0.631201,1
-0.078254,-0.478346,0.410640,-0.371936,0.682395,4
-0.172703,-0.640938,0.126523,-0.352497,-0.706264,1
-0.054642,-0.362209,0.370052,0.308402,0.907582,4
-0.101867,-0.478346,0.248288,0.638852,0.119425,3
-0.172703,-0.687393,0.491817,-0.313621,-0.255888,2
-0.125479,-0.455119,0.877404,-0.216430,0.926348,4
-0.196316,-0.757075,0.613581,0.308402,-0.424779,2
-0.078254,-0.362209,0.775934,0.736043,0.644863,4
-0.101867,-0.083480,-0.340241,-0.235868,0.945114,4
-0.172703,-0.153162,-0.543181,-0.119239,0.232019,3
-0.078254,-0.106708,-0.401123,0.774919,0.588566,4
-0.243540,-0.176390,-0.319946,-0.836509,-0.387248,1
-0.219928,-0.222845,-0.299652,-0.333059,-0.612435,1
-0.196316,-0.153162,-0.238770,-0.294183,-0.255888,2
-0.172703,-0.176390,-0.157594,-0.274745,0.307082,3
-0.219928,-0.222845,-0.218476,0.366717,-0.406013,2
-0.125479,-0.083480,-0.056123,0.852672,0.701160,4
-0.243540,-0.222845,0.106229,-0.760700,-0.612435,1
-0.172703,-0.199617,0.207700,-0.566318,-0.274654,2
-0.101867,-0.083480,0.471523,-0.255306,0.982645,4
-0.172703,-0.153162,0.227994,0.327840,-0.349716,2
-0.196316,-0.176390,0.268582,0.502784,-0.368482,3
-0.243540,-0.176390,0.633875,-0.624632,-0.274654,2
-0.243540,0.427522,-0.299652,-0.352497,-0.706264,1
-0.149091,0.706251,-0.218476,-0.294183,-0.274654,2
-0.149091,0.892070,-0.137300,-0.041486,0.156956,3
-0.101867,1.077889,0.025053,-0.060924,1.001411,4
-0.172703,0.450750,-0.157594,0.910987,-0.443545,2
-0.054642,-0.733847,-0.888181,-0.605194,-0.649967,1
0.039807,-0.617710,-0.725828,-0.585756,-0.255888,2
0.110644,-0.478346,-0.604064,-0.255306,0.232019,3
0.039807,-0.664165,-0.725828,-0.041486,-0.293419,2
0.134256,-0.571256,-0.502593,0.016829,0.213253,3
0.157868,-0.524801,-0.624358,0.988740,-0.293419,3
0.134256,-0.733847,-0.259064,-0.333059,-0.631201,1
0.063419,-0.617710,-0.177888,-0.294183,-0.255888,2
0.157868,-0.153162,-0.644652,-0.780138,0.419675,3
0.110644,-0.129935,-0.563475,-0.274745,0.250785,3
0.063419,-0.060253,-0.725828,-0.702385,-0.105763,2
0.275929,0.264931,-0.421417,1.027616,0.288316,4
0.134256,0.032657,0.674463,-0.605194,-0.255888,2
0.157868,0.079111,0.654169,-0.216430,-0.481076,2
0.016195,0.381068,-0.786710,-0.644071,-0.574904,1
0.110644,0.543659,0.633875,1.085931,-0.406013,3
0.181480,0.683024,0.613581,0.988740,-0.312185,3
0.582889,-0.640938,-0.664946,-0.566318,-0.255888,2
1.055134,-0.269299,-0.462005,-0.274745,0.982645,4
0.700950,-0.617710,-0.604064,0.114020,-0.274654,2
0.771787,-0.455119,-0.522887,0.308402,0.269550,3
0.937073,-0.315754,-0.441711,1.027616,0.307082,4
1.220420,-0.292527,-0.421417,0.813796,0.644863,4
0.393991,-0.640938,-0.259064,-0.702385,-0.687498,1
0.630113,-0.548028,-0.198182,-0.138677,-0.255888,2
0.771787,-0.478346,0.248288,-0.158115,0.269550,3
0.441215,-0.246072,-0.786710,-0.663509,-0.649967,1
1.291256,-0.106708,-0.441711,-0.255306,0.963879,4
0.488440,-0.199617,-0.705534,0.308402,-0.443545,2
1.173195,-0.083480,-0.482299,0.852672,0.626098,4
0.393991,-0.176390,-0.279358,-0.644071,-0.668732,1
1.007909,0.264931,-0.441711,-0.255306,0.888817,4
0.488440,-0.013798,-0.725828,0.366717,-0.424779,2
0.606501,0.055884,-0.746122,-0.099801,-0.293419,2
1.007909,0.264931,-0.340241,1.066493,0.250785,4
0.535664,0.102339,-0.279358,-0.410812,-0.406013,2
0.771787,0.172021,0.288876,0.075143,0.175722,3
0.512052,0.032657,0.593287,-0.313621,-0.255888,2
0.630113,0.473977,-0.705534,-0.371936,-0.443545,2
0.677338,0.520432,-0.644652,-0.216430,-0.462310,2
0.677338,0.543659,-0.685240,0.288964,-0.406013,2
0.771787,0.590114,-0.238770,-0.235868,-0.424779,2
1.291256,0.984980,0.329464,-0.216430,0.813754,4
1.173195,1.077889,0.410640,0.774919,0.701160,4
0.488440,0.566887,0.633875,-0.585756,-0.255888,2
0.724562,0.752706,0.715052,0.269526,0.213253,3
0.771787,0.659796,0.674463,1.047054,-0.406013,3
