0.073613,0.250556,-0.332564,-0.092301,-0.723915,-0.353973,1
-0.622854,-0.374445,-0.726381,-0.520625,-0.132014,-0.289837,1
0.242137,0.234042,-0.049685,0.136412,-0.448647,-0.397708,1
0.255793,0.355640,-0.205700,0.062910,-0.603580,-0.201166,1
-0.313410,-0.394962,-0.637307,-0.107972,-0.366669,-0.245035,1
-0.588277,-0.181290,-0.723682,-0.620244,0.466656,-0.320905,1
-0.205322,-0.084213,-0.398425,-0.200875,0.099632,-0.270769,1
-0.439512,-0.339417,-0.617872,-0.311313,-0.024464,-0.493046,1
-0.485420,-0.200806,-0.249428,-0.473614,0.266222,-0.173431,1
-0.691716,-0.627148,-0.269402,-0.420633,-1.266554,-0.341839,1
-0.313410,-0.225326,-0.556060,-0.234454,-0.348618,-0.455044,1
-0.850360,0.008862,-0.983348,-1.098190,0.080454,-0.343973,1
-0.336364,0.120952,-0.315019,-0.522490,0.052626,-0.243568,1
-0.201254,0.145972,-0.508284,-0.367279,-0.261375,-0.256769,1
-0.092876,0.332621,-0.133091,-0.367279,-0.041762,-0.273703,1
-0.470020,-0.250346,-0.427307,-0.416902,0.233130,-0.278370,1
0.096858,0.140968,0.070701,0.019257,-0.210984,-0.358907,1
-0.848907,-0.720723,-0.522860,-0.553085,0.417018,-0.302371,1
-0.633314,-0.205310,-0.564968,-0.660539,0.197029,-0.331572,1
-0.545275,-0.264857,-0.588721,-0.502716,-0.050035,-0.367174,1
-0.481642,-0.168280,-0.380610,-0.493015,0.621965,-0.264636,1
-0.162029,0.175996,-0.262654,-0.339296,0.274119,-0.318238,1
0.074775,0.343630,0.055855,-0.160206,-0.432477,-0.140230,1
-0.434572,-0.223825,-0.583862,-0.391158,0.002236,-0.417176,1
-0.707987,0.261064,-0.618952,-1.103787,-0.088016,-0.393842,1
-0.185274,0.455720,-0.448091,-0.577710,0.132725,-0.329705,1
-0.997964,-0.339417,-1.023836,-1.028420,0.273743,-0.485179,1
-0.491521,-0.051687,-0.133091,-0.592634,-0.325303,-0.230767,1
-0.463337,0.219531,-0.678605,-0.758665,-0.257614,-0.315305,1
0.185478,0.367650,-0.071549,-0.035962,-0.166986,-0.377441,1
-0.281158,-0.107231,-0.253747,-0.281092,-0.215497,-0.205699,1
-0.409875,-0.323404,-0.534196,-0.285196,-0.720155,-0.265436,1
-0.452006,-0.005149,-0.651883,-0.576964,0.002236,-0.276369,1
-0.634476,-0.227828,-0.322037,-0.644495,0.262838,-0.314638,1
-0.026048,0.723435,-0.144968,-0.572859,0.053002,-0.331039,1
-0.843096,-0.486035,-0.746356,-0.719862,-0.153825,-0.292103,1
-0.825372,-0.528068,-0.430006,-0.666135,0.539234,-0.265169,1
-0.720481,0.094931,-0.842988,-0.995960,0.737788,-0.354106,1
-0.135298,0.565808,-0.114466,-0.595246,0.202670,-0.313171,1
-0.234668,0.073414,-0.433515,-0.356086,-0.051163,-0.328105,1
-0.726583,-0.292380,-0.980919,-0.715012,-0.412923,-0.396775,1
-0.408422,-0.457512,-0.617872,-0.182965,-0.091777,-0.323305,1
-0.193119,0.084423,-0.516921,-0.310940,0.140998,-0.279570,1
0.168335,0.439707,-0.119595,-0.111703,0.124076,-0.361307,1
-0.129777,-0.062195,0.279351,-0.120284,-0.146680,-0.381708,1
-0.278543,0.274075,-0.133091,-0.561666,-0.018823,-0.384374,1
-0.353507,0.234543,-0.425148,-0.628825,-0.020327,-0.264236,1
-0.556316,-0.048184,-0.572795,-0.678075,-0.174884,-0.410642,1
-0.579270,0.021872,-0.483991,-0.760158,0.117683,-0.371174,1
-0.544112,0.017869,-0.861073,-0.712027,0.016526,-0.323172,1
-0.151278,0.144971,-0.483991,-0.302359,-0.076735,-0.303171,1
0.404849,1.201818,-0.654042,-0.375860,-0.374942,-0.283970,1
-0.298882,0.611345,-0.427307,-0.839629,0.389942,-0.274103,1
-0.881740,-0.281371,-0.483991,-0.922458,-0.197070,-0.197832,1
-0.561546,-0.011154,-0.498297,-0.712774,-0.057932,-0.478245,1
-0.372974,-0.213316,-0.411651,-0.319895,-0.739709,-0.267036,1
-0.498204,-0.504049,-0.644055,-0.263929,-0.193310,-0.273969,1
-0.396219,-0.109733,-0.376022,-0.427349,-0.062821,-0.328505,1
-0.502563,0.105940,-0.456998,-0.724340,0.260581,-0.389575,1
-0.359899,-0.130750,-0.441883,-0.364667,0.230874,-0.244635,1
0.403396,0.725937,0.724454,-0.023650,0.964170,0.397795,2
0.847950,0.758463,0.842140,0.523321,0.452743,0.876484,2
-0.463918,-0.405971,0.001870,-0.293031,0.631366,0.037512,2
0.499571,0.192009,0.337384,0.498323,-0.116596,0.008444,2
0.454825,0.220031,0.837551,0.419971,0.225985,-0.211566,2
0.680879,1.188307,0.271793,-0.011338,-0.109451,0.003910,2
0.522815,0.232041,0.217809,0.498323,0.022918,0.014444,2
0.440297,0.089927,0.329826,0.498323,-0.828081,0.576737,2
0.336568,0.070411,-0.025122,0.379676,-0.139535,-0.337172,2
-0.055104,-0.890859,-0.011626,0.593464,-0.597187,0.023511,2
0.350515,-0.007651,0.001870,0.456162,0.047738,0.077514,2
0.767174,0.769972,-0.111767,0.411016,0.645280,1.005690,2
0.711097,0.774476,0.241022,0.335649,0.291041,0.640473,2
-0.144886,0.127957,-0.214068,-0.281092,0.177851,0.110049,2
0.340636,0.277077,1.054569,0.230807,0.745309,0.406729,2
0.282524,1.114748,0.436986,-0.468390,1.151066,1.587851,2
0.762816,0.925597,0.466677,0.289384,0.808109,1.127563,2
-0.049874,-0.494041,0.038040,0.304682,-0.730308,0.337126,2
0.200878,-0.005149,0.221587,0.261775,-0.255734,0.091514,2
-0.370649,-0.272864,-0.349029,-0.272137,-0.015439,-0.061559,2
0.482718,0.646873,0.473695,0.137531,-0.217001,0.592871,2
0.392646,0.178998,0.147089,0.370348,0.086095,0.643540,2
0.817150,0.577818,-0.117975,0.618462,0.144382,0.340193,2
0.598651,0.362646,0.700700,0.498323,1.275538,0.518868,2
0.460055,1.243852,0.142230,-0.336684,0.238771,0.317792,2
-0.437478,-0.381951,-0.187076,-0.276615,1.697842,-0.079694,2
-0.020527,0.016868,0.196485,-0.038947,0.052626,-0.055692,2
-0.452877,-0.366439,-0.197063,-0.307955,0.457255,0.147517,2
-0.112925,-0.037175,-0.268052,-0.117299,0.352337,-0.030358,2
0.310708,0.318110,-0.222166,0.161783,0.072933,0.013111,2
0.614922,0.560804,0.170032,0.371467,-0.118476,0.057513,2
0.303735,0.130960,0.295006,0.292369,-0.065453,0.082981,2
0.722138,-0.085213,0.532808,0.990820,0.244411,0.663008,2
-0.069632,-0.135254,0.748207,0.011422,-0.162850,0.319258,2
0.978410,-0.108232,0.425919,1.337061,-0.113964,0.359527,2
-0.086484,0.806001,-0.027551,-0.711654,0.867149,1.632786,2
1.050759,0.095932,1.033245,1.277738,0.103393,0.503800,2
0.413275,0.110944,0.831613,0.447954,-0.321919,0.093514,2
0.498699,0.244551,1.132577,0.457654,0.193269,0.465532,2
-0.057428,-0.181290,-0.282358,0.061418,-0.090648,0.054579,2
0.700056,0.641369,0.365726,0.420344,-0.372685,-0.015691,2
0.564946,0.061404,0.307153,0.679278,-0.117724,0.163251,2
0.287754,-0.203809,0.250199,0.521455,-0.585905,-0.010090,2
-0.311376,-0.554089,0.028863,0.013660,-0.265511,-0.012757,2
0.491435,0.593330,0.304994,0.188646,0.019910,0.896885,2
0.131144,0.503258,-0.026472,-0.206844,-0.050411,-0.257035,2
0.131144,-0.385454,0.156806,0.456162,-0.871703,0.312058,2
0.521072,0.794992,0.657243,0.076342,0.775769,0.678208,2
0.077681,-0.561095,0.298785,0.518097,-0.273784,0.217520,2
0.235744,-0.123244,0.299055,0.394600,0.207182,0.176052,2
0.098892,-0.191799,0.275032,0.269983,-0.142543,0.201653,2
0.711969,0.603839,0.848078,0.463997,0.338048,0.600338,2
-0.536848,-1.205611,0.431048,0.209913,-0.238060,0.013911,2
0.269159,0.086925,-0.092603,0.280803,-0.805894,0.331659,2
0.595455,0.965629,0.945520,0.044255,0.871285,0.794347,2
2.014539,-0.457512,-0.095842,2.927978,-0.384719,5.230153,2
0.290079,-0.252848,0.283130,0.561004,-0.140287,0.408062,2
0.742187,1.061205,-0.109608,0.161783,0.156792,0.475932,2
0.146543,0.331120,-0.166022,-0.058722,0.696423,-0.132229,2
0.007366,-0.089717,-0.235662,0.076342,-0.183157,0.071913,2
-0.167259,-0.272363,-0.295045,-0.011338,-0.010550,0.187786,2
0.679426,0.277077,0.950379,0.665847,0.253060,0.723544,2
0.568724,1.527579,0.012667,-0.408320,-0.271152,0.552469,2
0.150320,-0.350426,0.123066,0.453923,-0.329440,0.368461,2
0.413275,-0.161274,-0.524479,0.650922,-0.403897,0.142983,2
-0.361352,-0.593121,0.138451,-0.021784,-0.845379,0.087248,2
0.295890,0.208022,0.195675,0.224464,-0.560710,0.020178,2
0.579184,-0.027167,0.394338,0.763973,-0.055676,0.419796,2
0.872066,0.536785,0.482603,0.719574,-0.640432,0.433664,2
0.486496,-0.040177,-0.058053,0.654653,-0.271904,0.179918,2
-0.302950,-0.421483,-0.533387,-0.074765,-0.684806,0.006310,2
0.269740,-0.188296,0.163824,0.486757,0.037960,-0.111828,2
0.265381,0.178998,0.022654,0.206928,-0.042138,0.380328,2
0.617537,0.128958,0.502847,0.696814,0.056763,0.389528,2
-0.241061,-0.016659,0.706099,-0.297135,0.716353,0.381928,2
0.483009,0.640869,0.689634,0.142381,-0.274913,0.743945,2
0.799717,1.115749,0.805430,0.194989,-0.049659,0.406329,2
0.665479,0.839027,0.715006,0.228942,-0.280177,0.311658,2
0.335696,0.358142,0.754145,0.164021,-0.404274,0.401795,2
0.714874,0.176496,1.074274,0.786359,-0.333200,0.156451,2
0.263347,-0.107231,0.607577,0.418105,-0.483244,0.045379,2
0.842719,1.569113,0.541716,-0.087824,0.628358,1.227434,2
0.720395,0.036884,1.317474,0.897544,-0.273032,0.434464,2
0.003879,0.152977,0.340353,-0.109091,-0.025968,1.047559,2
-0.013263,-0.161775,0.164904,0.103579,-0.480988,0.054846,2
0.730564,1.258363,0.723914,-0.000144,-0.480612,0.221254,2
0.728821,0.646373,0.709878,0.453923,-0.114716,0.561136,2
-0.157380,-1.066000,0.109839,0.592718,-0.300860,0.072980,2
0.152936,-0.385955,-0.029981,0.483772,-0.508815,0.173518,2
0.544898,0.320111,-0.300443,0.460639,-0.725796,0.138850,2
0.598942,0.157481,0.236433,0.651669,-0.898778,0.189519,2
-0.362223,-0.679190,0.173001,0.041270,0.279384,0.116049,2
0.084364,-0.171282,-0.102320,0.236404,-0.225650,0.073114,2
-0.093167,-0.119741,0.325778,-0.030366,-0.044394,0.053913,2
-0.560965,-0.588117,-0.244569,-0.282211,-0.547924,0.018178,2
0.183154,-0.149765,0.543875,0.346843,-1.333491,0.205253,2
0.551581,0.459723,0.505276,0.365125,0.025175,0.472065,2
-0.472926,-0.802288,-0.157114,-0.009099,-0.349370,0.220187,2
-0.100431,-0.860335,-0.073708,0.512501,-0.559206,0.344993,2
0.109642,-0.251847,0.452641,0.328934,-0.852524,0.174852,2
0.916231,0.893071,0.688014,0.510262,-0.082751,0.423530,2
0.196519,-0.518060,-0.006227,0.638610,-0.756632,0.211253,2
1.674877,1.046193,-0.029441,1.371014,-1.387642,0.636606,2
1.610373,0.999656,0.671279,1.322883,-0.497158,0.732078,2
-0.190504,-0.411975,-0.238361,0.062910,0.243659,-0.016224,2
0.674196,0.136464,0.679646,0.763973,0.284273,0.573137,2
-0.101884,-0.534073,0.137102,0.267371,-0.298604,0.140183,2
0.344122,-0.056190,0.214300,0.483772,-1.799040,-0.189699,2
1.013567,0.364147,1.166857,1.029996,-1.075897,0.418196,2
-0.472054,-0.822805,-0.376022,0.007318,-0.738957,-0.031825,2
0.125333,-0.118740,0.186497,0.249462,-0.234675,-0.065160,2
0.520200,-0.175286,0.749286,0.798672,-0.496030,-0.185432,2
-0.111181,-0.204309,-0.220276,0.009556,-0.911188,-0.069160,2
-0.280867,-0.424485,0.117937,-0.044544,-1.463604,-0.043425,2
0.026543,0.392169,-0.346330,-0.258333,-0.546044,-0.059426,2
-0.114378,-0.429489,0.017526,0.173349,-0.719779,0.325392,2
0.189836,-0.213316,0.383811,0.402808,-0.646825,0.102582,2
0.590515,0.084923,0.262076,0.694949,-1.069881,0.238321,2
0.585576,0.440208,0.242102,0.423702,0.081958,0.348993,2
0.238941,1.595634,0.435366,-0.882909,0.266974,0.378594,2
-0.656558,-0.653669,-0.734749,-0.355713,1.501544,0.097515,2
0.119812,-0.115738,0.423760,0.240508,-1.038669,0.067113,2
0.434195,0.700416,1.016780,0.035300,-0.417059,0.382328,2
0.305188,0.999656,0.880199,-0.353101,0.272239,0.553003,2
0.597489,0.162985,1.075623,0.645699,0.282392,0.158451,2
0.899959,0.348634,0.882358,0.895679,-0.022960,0.350993,2
0.598070,0.186004,0.724454,0.629656,-1.047318,0.304858,2
-0.002222,-0.614137,0.212680,0.455043,-0.334328,0.052979,2
0.731726,1.056201,0.829993,0.152082,0.109786,0.475532,2
0.636714,0.587326,0.678027,0.379676,-0.033113,0.486333,2
-0.487454,-0.386955,0.001870,-0.337431,-1.108990,0.194452,2
0.754680,1.138768,0.248580,0.119995,-0.771674,0.392728,2
0.406011,0.787486,0.405135,-0.065811,1.073600,1.315838,2
0.283396,-0.360434,0.659672,0.632640,0.049618,0.084981,2
0.352839,0.069410,0.433747,0.401316,-0.036121,-0.012224,2
0.312161,-0.614137,0.919608,0.858742,-0.271528,0.159518,2
0.095115,-0.239337,0.362487,0.300578,-1.056719,0.396062,2
-0.048421,1.002658,1.992281,-0.809781,0.665963,1.213567,2
0.417052,-0.181791,0.290418,0.671443,-0.101930,0.091648,2
0.430128,-0.043680,0.252898,0.584883,0.036080,0.070447,2
0.083202,0.123954,0.420251,0.014407,0.491852,0.150184,2
0.203783,0.787486,1.197088,-0.325118,1.040884,0.826749,2
0.459474,1.220333,1.116112,-0.319895,0.539610,0.999023,2
0.381895,-0.391959,0.298785,0.782255,-0.721659,0.009111,2
-0.114959,-0.158272,-0.187346,-0.029620,-0.609220,-0.007024,2
0.569886,0.820512,0.895315,0.119995,0.288409,0.986623,2
1.016473,1.451518,0.190816,0.222972,-0.798749,0.679808,2
0.394970,0.063906,0.650495,0.459520,0.394455,0.627939,2
0.789838,0.141468,1.130687,0.908737,0.113546,0.672475,2
-0.355540,-0.056190,-0.421099,-0.414663,-0.866438,0.027245,2
-0.638834,-0.029169,-0.454029,-0.798961,0.365123,-0.244101,3
-0.162029,0.071412,-0.008927,-0.261317,0.298186,-0.323972,3
-0.468858,-0.429990,-0.135790,-0.281092,0.424915,-0.284103,3
-0.353797,-0.004649,-0.106099,-0.450854,0.415890,-0.362773,3
-0.429923,-0.344421,-0.252397,-0.295270,0.461016,-0.395842,3
-0.864598,-0.209813,-0.432705,-0.953799,0.920924,-0.377441,3
-0.278543,-0.543581,-0.567667,0.047986,0.008629,-0.364774,3
-0.649875,-0.549586,-0.039968,-0.424737,0.533593,-0.266102,3
-0.257913,-0.078708,-0.456998,-0.272137,0.431308,-0.337172,3
0.110805,0.439707,-0.026202,-0.185577,-0.441502,-0.309038,3
-0.465081,0.212525,-0.552281,-0.755680,-0.155705,-0.354373,3
-0.161157,-0.584113,0.028863,0.228942,0.340304,-0.359040,3
-0.127743,-0.221823,0.289068,0.001721,-0.063573,0.064980,3
0.258699,0.067909,0.648875,0.281549,-0.539275,-0.356506,3
0.852308,0.255059,1.042693,0.904633,-0.655098,-0.310104,3
-0.022271,-0.491539,0.092025,0.337515,0.272615,-0.307438,3
0.100635,-0.074205,0.302024,0.184542,0.919044,-0.266636,3
0.030320,0.106941,0.025893,-0.040813,0.028935,-0.286370,3
-0.652200,-0.462516,-0.693451,-0.493015,0.221096,-0.298770,3
-0.495589,-0.372444,-0.429196,-0.358698,0.734027,-0.392108,3
0.148577,0.280079,0.287449,-0.018053,0.233506,-0.405042,3
-0.191375,-0.230330,-0.349029,-0.074019,0.010133,-0.283036,3
-0.504887,-0.186294,-0.312590,-0.509432,0.398592,-0.337706,3
-0.575783,-0.419982,-0.564428,-0.426229,0.797204,-0.384108,3
-0.661498,-0.407972,-0.268052,-0.544877,0.670099,-0.168231,3
0.099763,0.121452,-0.317178,0.037539,-0.182404,-0.498113,3
0.038456,-0.197303,0.325778,0.196482,0.145134,-0.333305,3
0.047754,-0.179289,0.163824,0.194989,0.577591,-0.284503,3
0.247076,-0.212816,0.098233,0.475937,0.326766,-0.206233,3
-0.117574,0.094931,-0.225405,-0.222141,0.799836,-0.375441,3
-0.547599,-0.435494,-0.429196,-0.378472,-0.051163,-0.431310,3
-0.260528,-0.201307,-0.456998,-0.184458,0.330903,-0.164898,3
-0.621982,-0.600627,-0.674826,-0.350862,0.513663,-0.360773,3
-0.750989,-0.502048,-0.241060,-0.590022,0.228241,-0.405042,3
0.073613,0.490248,-0.008657,-0.271018,-0.128253,-0.251435,3
-0.368616,-0.342920,0.055855,-0.217664,0.280888,-0.355973,3
-0.402611,-0.084713,-0.322037,-0.454212,0.054883,-0.229834,3
-0.309923,-0.040177,-0.645944,-0.368025,0.132349,-0.325172,3
-0.382853,-0.449005,-0.441883,-0.156848,0.100008,-0.328905,3
-0.283192,0.134963,-0.403014,-0.463913,0.166193,-0.320105,3
-0.707115,-0.918381,-0.493978,-0.223261,0.677620,-0.378508,3
-0.573749,-0.785775,-0.052114,-0.150879,0.802092,-0.341706,3
-0.510698,-1.170583,0.163824,0.216629,0.138742,-0.395442,3
0.095696,0.190508,0.379762,-0.018800,0.061275,-0.185565,3
0.362137,0.101937,0.245071,0.389003,-0.251598,-0.339839,3
0.204655,-0.144261,0.163824,0.370348,0.214703,-0.004357,3
-0.166969,-0.389958,-0.106099,0.076342,0.192517,-0.240768,3
-0.300334,-1.026468,-0.268052,0.379676,0.521936,-0.461178,3
-0.585372,-0.367940,-0.376831,-0.477718,0.379413,-0.344506,3
0.090756,-0.030670,-0.069659,0.139023,-0.031233,-0.355440,3
-0.184693,-0.280370,-0.241060,-0.027754,0.161304,-0.348639,3
0.420830,-0.131250,0.048567,0.637864,-0.461433,-0.329439,3
-0.522321,-0.158272,-0.718284,-0.552712,0.413257,-0.340506,3
-0.775977,-0.693701,-0.713425,-0.479210,0.391447,-0.374374,3
-0.174232,-0.536575,-0.133091,0.176334,-0.230539,-0.409442,3
-0.358155,-0.397964,-0.329865,-0.163191,0.665586,-0.279170,3
-0.410456,-0.366439,-0.249158,-0.253482,0.125204,-0.357840,3
-0.221884,-0.406971,-0.133361,0.018511,0.194397,-0.325838,3
-0.097235,-0.052687,-0.245379,-0.085585,-0.154577,-0.283703,3
-0.678641,-0.053188,-0.753913,-0.831794,0.266598,-0.252368,3
-0.266920,-0.433493,0.136832,-0.019173,0.321501,-0.379174,3
-0.522321,-0.050185,-0.268052,-0.633675,0.101889,-0.245568,3
-0.614137,-0.527068,-0.403014,-0.395635,-0.003781,-0.325305,3
-0.715251,-0.822304,-0.228644,-0.305344,0.338424,-0.372374,3
-0.502853,-0.378448,-0.620572,-0.363175,0.208687,-0.327438,3
0.197391,-0.041178,-0.025122,0.284161,0.739668,-0.284503,3
-0.266339,-0.195802,-0.503965,-0.196397,0.503509,-0.326772,3
0.152936,-0.216819,-0.214068,0.358036,0.431308,-0.377041,3
-0.583628,-0.944402,-0.565507,-0.045290,0.053378,-0.432910,3
-0.339850,0.023874,0.001870,-0.454212,0.798332,-0.211433,3
-0.302368,-0.205810,-0.471574,-0.234827,0.045481,-0.309438,3
0.109352,-0.152267,-0.216767,0.253940,-0.095161,-0.271303,3
-0.198058,-0.204809,-0.279389,-0.101256,-0.150816,-0.314105,3
-0.334039,-0.221823,-0.001639,-0.263929,0.318869,-0.343439,3
-0.038542,-0.149265,-0.235662,0.061418,0.117307,-0.312904,3
0.212209,-0.049685,-0.234042,0.309532,0.066540,-0.285703,3
0.035841,-0.021663,-0.135790,0.062164,0.112794,-0.309438,3
-0.797769,-0.893862,-0.886985,-0.357578,0.092864,-0.225967,3
0.408917,-0.091218,0.180559,0.592718,-0.470082,-0.342639,3
-0.466824,-0.168780,-0.531497,-0.473614,0.518927,-0.398642,3
-0.699561,-0.183292,-0.855404,-0.761650,0.306836,-0.348239,3
-0.273603,-0.166779,-0.431356,-0.226992,-0.079743,-0.258502,3
-0.747793,-0.746243,-0.605456,-0.404216,0.346697,-0.356773,3
-0.336945,-0.598125,0.096343,0.013660,0.721618,-0.085961,3
-0.414233,-0.374445,-0.403014,-0.253109,0.381293,-0.418643,3
-0.408713,-0.546583,-0.103400,-0.117299,0.467409,-0.317971,3
-0.605420,-0.066699,-0.411921,-0.727698,0.526448,-0.416909,3
-0.433410,0.060904,-0.490199,-0.601962,-0.042138,-0.308904,3
0.174727,0.167989,-0.545263,0.099101,0.412881,-0.330372,3
0.651242,0.617850,0.170572,0.375198,-0.271152,-0.269569,3
-0.285225,-0.554590,-0.456998,0.047240,-0.050035,-0.353440,3
0.828482,0.427197,0.461279,0.745691,-0.242196,-0.269836,3
-0.171327,0.197513,-0.609235,-0.367279,0.015773,-0.370240,3
-0.758835,-0.774766,-0.527448,-0.396754,0.390318,-0.395575,3
-0.447938,-0.261855,-0.198412,-0.379965,1.126999,-0.469845,3
-0.366001,-0.196303,-0.430006,-0.323253,-0.017695,-0.407309,3
-0.190504,0.158982,-0.613014,-0.363175,-0.133518,-0.356240,3
0.027705,0.257561,-0.155495,-0.156848,0.291418,-0.386775,3
-0.442998,-0.443000,-0.279389,-0.238558,0.023670,-0.347839,3
-0.774525,-0.624145,-0.412731,-0.529206,0.226737,-0.353306,3
