0.759306,-0.281125,0.116026,-0.584797,0.956953,0.404499,0.517409,-0.329782,0.612442,0.125858,0.181089,0.923960,0.506504,1
0.123145,-0.249707,-0.413998,-1.245424,0.009073,0.284324,0.366814,-0.410360,-0.272360,-0.146661,0.203025,0.556725,0.482621,1
0.098440,0.010616,0.554667,-0.134369,0.044179,0.404499,0.607766,-0.249203,1.067984,0.134510,0.159152,0.394294,0.697574,1
0.845775,-0.173405,0.243963,-0.404626,0.465459,1.245723,0.733262,-0.490938,0.516077,0.593034,-0.213772,0.592036,1.167287,1
0.147850,0.113847,0.920201,0.225973,0.640993,0.404499,0.331676,0.113398,0.200702,-0.159638,0.181089,0.224801,-0.018937,1
0.740777,-0.258683,0.152580,-0.644854,0.430353,0.781047,0.683064,-0.088047,0.332109,0.365935,0.203025,0.168303,1.119520,1
0.858127,-0.209312,0.152580,-0.734939,-0.131354,0.164149,0.246338,-0.249203,0.340869,0.041507,0.137215,0.683845,0.864760,1
0.654309,-0.083639,0.445007,-0.284512,0.746313,0.244266,0.241319,-0.208914,-0.298642,-0.001750,0.224962,0.683845,0.872721,1
1.129886,-0.312543,-0.359168,-0.825025,-0.096248,0.404499,0.477251,-0.289493,0.340869,0.030693,0.268835,0.168303,0.474660,1
0.530782,-0.442704,-0.176401,-0.524740,-0.061141,0.548709,0.562588,-0.571516,0.226983,0.467589,0.115279,0.662658,0.474660,1
0.679014,-0.079151,-0.121571,-0.224455,0.184606,0.524674,0.647925,-0.571516,0.691286,0.149650,0.641759,0.394294,1.215054,1
0.691367,-0.384356,-0.085017,-0.404626,-0.166461,-0.076201,0.201160,-0.410360,-0.018308,-0.012564,0.466266,0.147116,0.848838,1
0.462843,-0.272148,0.079473,-0.524740,-0.377101,0.244266,0.366814,-0.289493,0.191942,0.117207,0.422392,0.203614,0.912527,1
1.080475,-0.272148,0.042919,-1.215395,-0.306888,0.644848,0.833659,0.274554,1.067984,0.073950,0.641759,0.083556,0.641845,1
0.851951,-0.209312,0.024643,-1.125310,0.079286,0.805082,0.808560,-0.289493,1.199390,0.528149,0.532076,0.274236,1.273967,1
0.388727,-0.236242,0.609497,-0.344569,0.430353,0.444557,0.442112,-0.249203,-0.114673,0.484892,0.707569,0.189490,0.896605,1
0.802541,-0.186870,0.646051,0.075830,0.711206,0.404499,0.557568,-0.128336,0.332109,0.246978,0.246899,0.027059,0.848838,1
0.512253,-0.343961,0.463284,0.075830,0.535673,0.524674,0.688084,0.153687,0.113098,0.333492,0.378519,-0.029439,0.610001,1
0.734601,-0.334985,0.207410,-0.449668,0.289926,0.805082,0.954135,-0.168625,0.235744,0.787690,0.597886,0.147116,1.485736,1
0.394903,0.342751,0.353623,-0.644854,0.570779,0.324382,0.502350,-0.772961,0.060535,0.009065,0.005595,0.528476,0.156210,1
0.654309,-0.317031,-0.158124,-0.524740,0.921846,0.564732,0.572628,-0.490938,0.445994,0.128021,0.290772,0.775653,0.052714,1
-0.043616,0.656933,0.518114,-0.134369,0.079286,0.092044,0.191120,-0.450649,0.340869,-0.120706,0.159152,0.641471,0.036792,1
0.438137,-0.213800,-0.011911,-0.434654,0.044179,0.252277,0.427052,-0.370071,0.086817,-0.272106,0.334645,0.980457,0.458737,1
-0.093027,-0.330496,0.280517,-0.254483,-0.166461,0.148126,0.171041,-0.410360,-0.114673,-0.243989,0.290772,0.719156,0.426892,1
0.308435,-0.236242,0.445007,0.075830,-0.131354,0.188184,0.291517,-0.329782,0.060535,-0.332666,0.356582,0.853338,0.156210,1
0.030500,-0.128522,1.559886,0.826543,0.851633,0.268301,0.326656,0.435710,0.288306,-0.319689,0.378519,0.415480,0.132326,1
0.240495,-0.254195,0.463284,-0.509725,-0.236674,0.444557,0.457171,-0.088047,-0.123433,-0.055821,-0.082152,0.429605,0.713497,1
0.184908,-0.276637,-0.413998,-0.374597,-0.201568,0.084032,0.080684,-0.370071,-0.211038,-0.239663,0.137215,0.111805,0.856799,1
0.536959,-0.195847,0.792264,-0.014255,0.254819,0.524674,0.472231,0.032820,0.148140,-0.120706,0.641759,0.556725,0.267667,1
0.629603,-0.294590,-0.286061,-0.524740,-0.131354,0.284324,0.150962,-0.410360,0.340869,-0.077449,0.181089,0.690907,0.458737,1
0.450490,-0.375380,0.609497,0.451187,0.044179,0.564732,0.612786,-0.289493,0.691286,0.138836,0.510139,0.069432,0.856799,1
0.357845,-0.303566,-0.011911,-0.059298,0.219713,0.452569,0.582667,-0.571516,0.314588,0.398378,0.290772,0.189490,1.223016,1
0.419608,-0.227265,-0.011911,-0.344569,0.149499,0.100056,0.331676,0.234265,0.332109,-0.263455,0.597886,0.182427,0.387086,1
0.469019,-0.361915,0.609497,0.000759,1.132486,0.524674,0.356775,0.556577,-0.211038,0.073950,0.641759,0.274236,0.777186,1
0.314611,-0.240730,0.518114,-0.074312,0.360139,0.043974,0.251358,-0.289493,-0.044590,-0.185592,0.312709,0.182427,0.554272,1
0.296082,-0.236242,0.079473,0.150902,0.009073,0.324382,0.477251,-0.410360,0.235744,0.009065,0.181089,0.606160,0.275629,1
0.172555,-0.312543,0.865371,-0.599811,0.360139,0.244266,0.326656,-0.088047,-0.202277,-0.099078,0.290772,0.118867,0.211939,1
0.030500,-0.308055,0.335347,-0.224455,-0.061141,0.124091,0.201160,-0.289493,-0.132194,-0.174778,0.356582,-0.071812,0.570194,1
0.042853,-0.375380,-0.487105,-0.599811,-0.061141,0.084032,0.306576,-0.329782,-0.193517,-0.293734,0.488202,0.055307,0.434853,1
0.753130,0.742211,0.262240,-0.945139,0.992059,0.564732,0.507370,-0.652094,0.428473,0.009065,-0.147962,0.648533,0.020869,1
0.345493,-0.281125,-0.103294,-0.494711,0.605886,0.684907,0.632866,-0.088047,0.656244,0.231838,-0.016342,0.542600,0.076598,1
0.252848,0.674886,-0.450552,-0.104341,-0.341994,0.124091,0.326656,-0.370071,-0.097152,-0.168289,-0.104088,0.274236,0.458737,1
0.543135,-0.200335,0.408454,-0.674882,0.044179,0.765023,0.768401,-0.772961,0.095577,0.080439,-0.169898,0.669720,0.554272,1
0.147850,0.737723,-0.139848,-0.299526,0.114393,0.276312,0.301557,-0.168625,0.060535,-0.150986,-0.301519,0.274236,-0.106511,1
0.030500,-0.254195,-0.487105,-0.374597,0.254819,0.564732,0.487290,-0.329782,0.384671,-0.003913,-0.169898,0.521414,0.219900,1
0.746954,0.764653,0.134303,-0.089326,0.395246,0.444557,0.311596,-0.249203,-0.298642,0.039344,-0.191835,0.507289,0.530388,1
0.851951,0.562678,-0.158124,-0.524740,0.079286,0.765023,0.572628,-0.370071,0.524838,-0.034192,0.181089,0.584974,0.506504,1
0.555488,-0.294590,-0.450552,-0.524740,0.044179,0.644848,0.683064,-0.611805,0.481036,0.225350,-0.104088,0.507289,0.379125,1
0.679014,-0.141987,0.061196,-0.104341,0.114393,0.364440,0.447132,-0.168625,0.691286,0.246978,0.246899,0.097681,0.498543,1
0.580193,-0.272148,-0.176401,-0.314540,0.289926,0.468592,0.758361,-0.168625,0.428473,0.830947,0.356582,0.344858,0.816993,1
0.030500,-0.272148,-0.596765,-1.065253,-0.271781,0.340405,0.622826,-0.772961,1.155588,0.463263,0.356582,0.210676,0.641845,1
0.512253,-0.308055,0.426730,-0.344569,-0.201568,0.124091,0.482271,-0.571516,0.612442,0.117207,0.619823,0.535538,0.824954,1
0.506077,-0.263172,0.097750,-0.825025,0.395246,1.269758,0.858758,-0.168625,0.244504,0.430820,0.115279,0.457854,0.705535,1
0.475195,-0.195847,0.572944,-0.359583,0.535673,0.564732,0.381874,0.113398,0.078056,0.268607,0.378519,0.224801,1.000101,1
0.456666,-0.299078,-0.212954,-0.464683,0.640993,0.244266,0.437092,-0.611805,0.025494,0.171278,-0.082152,0.415480,0.498543,1
0.345493,-0.272148,0.170856,0.150902,0.570779,0.532685,0.376854,-0.652094,0.752609,0.257792,0.049468,0.295423,0.594078,1
0.753130,-0.285613,-0.121571,-0.479697,0.640993,0.724965,0.487290,-0.410360,0.384671,0.285909,-0.038278,0.493165,0.355241,1
0.178732,-0.164429,0.572944,-0.404626,0.079286,0.564732,0.602747,-0.208914,0.060535,0.203721,0.246899,0.161241,0.832915,1
0.444314,-0.406798,0.243963,-0.419640,0.289926,0.885198,0.823619,-0.692383,0.393431,0.376749,-0.147962,0.182427,0.856799,1
-0.389490,-0.626725,-1.839581,-1.335509,-0.412208,-0.252457,-0.732529,-0.329782,-1.025757,-0.672233,0.203025,-0.559105,-0.361270,2
-0.414195,-0.554912,-0.158124,-0.524740,0.044179,-0.196376,-0.471498,1.080335,-1.034517,-0.386737,0.641759,-0.665038,-0.106511,2
-0.222729,-0.438216,-0.633319,-0.404626,0.009073,-0.220411,-0.310863,0.677444,-0.850548,0.149650,0.049468,-0.721536,-0.472727,2
0.413432,-0.487587,-0.816086,-0.224455,-0.201568,-0.156317,-0.120109,-0.168625,-0.754184,-0.272106,0.597886,-0.107123,-0.186123,2
-0.389490,-0.541447,-0.377445,-0.074312,-0.447314,0.965315,0.537489,-0.692383,0.244504,-0.131521,0.575949,0.182427,-0.520495,2
-0.513017,-0.397821,0.298793,-0.074312,0.149499,-0.324562,-0.140189,0.355132,-0.491371,-0.455948,1.080493,-0.269554,-0.623991,2
-0.389490,-0.505541,0.353623,-0.209440,-0.061141,0.100056,0.311596,0.032820,0.428473,-0.099078,0.510139,-0.220119,-0.109695,2
0.067558,-0.595307,-1.218173,-0.674882,-0.763274,0.548709,0.577647,-0.410360,0.603682,0.052322,0.356582,0.401356,-0.389931,2
-0.389490,-0.523494,-0.816086,0.015773,-0.763274,-0.148306,-0.014693,-0.370071,-0.482611,-0.081775,0.356582,0.613222,-0.377193,2
0.209613,-0.626725,-0.011911,-0.374597,0.360139,0.188184,-0.366081,0.758022,-1.025757,-0.408366,0.137215,-0.481421,0.004947,2
-0.488311,-0.514517,-1.126790,-0.404626,1.799513,-0.356609,-0.376121,-0.893828,0.796411,-0.477577,0.707569,0.323672,-0.046005,2
-0.438901,-0.326008,-0.286061,0.135887,0.114393,-0.957483,-0.506637,0.032820,-0.114673,-0.434320,-0.112863,-0.559105,0.196016,2
0.530782,-0.370891,0.554667,0.826543,-0.482421,0.524674,0.417013,-0.611805,0.244504,-0.362946,0.883063,0.387232,-0.536417,2
0.302258,-0.303566,-0.231231,0.676400,-0.447314,-0.332574,-0.095010,-0.370071,-0.491371,-0.285083,0.049468,0.118867,-0.437698,2
-0.006558,-0.299078,0.426730,1.577255,1.378233,0.805082,0.432072,-0.611805,0.323348,-0.369434,0.773379,0.627347,0.379125,2
-0.642719,-0.559400,-0.121571,0.225973,0.044179,0.869175,0.055585,-0.934117,0.051775,-0.399714,0.071405,0.366045,0.221492,2
-0.828009,-0.204824,-0.816086,-0.524740,-0.096248,-0.548889,-0.230546,-0.088047,-0.386246,-0.272106,0.597886,-0.333114,-0.507757,2
0.018147,-0.644678,-1.199896,-0.524740,-0.482421,-0.276492,0.000367,-0.490938,-0.114673,-0.099078,0.510139,-0.092999,-0.565078,2
-0.716835,0.248496,-0.249508,-0.224455,0.430353,-0.460760,-0.356042,0.274554,-0.561454,-0.520834,0.005595,-0.064750,-0.393115,2
-0.414195,-0.604284,-0.761256,-0.704911,1.272913,-0.316550,-0.089990,-0.047758,1.024182,-0.358620,0.224962,-0.213057,0.004947,2
-0.185671,0.688351,0.061196,0.526258,0.044179,0.428534,0.261398,0.274554,0.314588,-0.538136,0.510139,0.366045,-0.452028,2
-0.618014,-0.635702,-0.669872,-0.074312,-0.482421,0.100056,0.115823,-0.249203,-0.140954,-0.553276,0.926936,0.358983,-0.746594,2
-0.173319,-0.236242,-0.304338,-0.104341,-0.482421,-0.076201,0.251358,-0.410360,0.156900,-0.250477,0.444329,0.373107,-0.052374,2
-0.568604,-0.541447,0.262240,0.676400,-0.763274,-0.236434,-0.225526,0.153687,-0.167235,-0.618162,0.773379,0.076494,-0.186123,2
0.030500,0.683863,-0.085017,0.451187,-0.517528,-0.516842,-0.220506,0.999756,0.025494,-0.055821,-0.257645,-0.424923,-0.369231,2
-0.716835,-0.649167,0.390177,-0.224455,-0.201568,-0.076201,0.090724,-0.571516,0.665005,-0.434320,-0.367329,0.330734,-0.361270,2
-0.204200,-0.608772,-0.231231,-0.224455,-0.026034,-0.076201,-0.044812,-0.249203,-0.114673,-0.527322,0.597886,0.387232,-0.472727,2
-0.519193,-0.326008,-0.103294,0.496229,-0.341994,-0.412690,-0.170308,0.274554,-0.027069,-0.564091,0.817253,-0.248368,-0.401076,2
-0.834186,-0.299078,0.463284,0.976685,-0.412208,-0.300527,-0.210466,0.153687,-0.219798,-0.531648,0.883063,0.422543,-0.294396,2
-0.840362,-0.124034,0.170856,0.316058,-0.552634,-0.276492,-0.170308,0.475999,-0.211038,-0.488391,0.093342,0.097681,-0.106511,2
-0.568604,-0.451681,-0.121571,0.616343,-1.044128,-0.076201,-0.220506,0.234265,-0.184756,-0.717653,0.246899,0.422543,-0.194084,2
-0.568604,-0.227265,-0.085017,-0.149383,-0.657954,-0.556900,-0.265685,0.637155,0.043015,-0.574905,0.268835,-0.241306,-0.424960,2
-0.618014,-0.370891,0.097750,0.376115,-0.482421,-0.677075,-0.391180,0.556577,0.034254,-0.315363,0.203025,0.027059,-0.472727,2
-0.191848,-0.361915,-0.194678,0.180930,-0.693061,-0.733157,-0.285764,0.878889,0.025494,-0.434320,0.005595,-0.389612,-0.401076,2
-0.438901,0.221566,-0.267785,-0.224455,-0.412208,0.124091,0.110803,-0.450649,0.349629,-0.628976,0.422392,0.486103,-0.727487,2
-0.852715,-0.155452,-0.158124,-0.224455,-0.061141,0.580755,0.115823,-0.772961,-0.211038,-0.391063,0.444329,0.245987,-0.639913,2
-0.327727,-0.366403,-0.304338,-0.074312,2.185686,0.164149,0.120843,-0.168625,1.479724,-0.531648,0.444329,0.012934,0.302697,2
-0.735364,-0.097104,0.682604,0.301044,1.202699,-0.556900,-0.521696,-0.893828,-0.027069,-0.553276,-0.016342,-0.248368,-0.194084,2
-0.438901,-0.415774,-0.706425,-0.524740,-0.517528,0.204207,0.236299,-0.289493,0.156900,-0.466762,0.597886,0.090619,-0.507757,2
-0.389490,-0.568377,-0.487105,-0.149383,-0.412208,0.981338,0.863778,-0.490938,0.314588,-0.120706,0.181089,0.111805,-0.138356,2
-0.438901,0.374169,-0.286061,-0.224455,-0.412208,0.444557,0.482271,0.355132,1.067984,-0.596533,1.014683,0.154178,-0.542786,2
-0.568604,-0.115057,-1.218173,-0.299526,-0.096248,-0.052166,0.070644,-0.410360,-0.167235,-0.380248,0.685633,0.245987,-0.058743,2
-0.247435,-0.447193,-0.852639,-0.149383,-0.412208,-0.677075,-0.335962,-0.289493,-0.211038,-0.564091,0.181089,0.111805,-0.294396,2
-0.408019,0.051010,0.170856,0.225973,-0.061141,0.212219,0.040525,-0.088047,-0.246079,-0.488391,-0.345392,0.542600,-0.491834,2
-0.729188,-0.276637,-0.889192,0.000759,-0.482421,0.164149,-0.195407,0.032820,-0.149715,-0.648442,-0.038278,-0.121248,-0.528456,2
-0.303022,-0.272148,-0.706425,0.150902,-0.517528,-0.076201,-0.054852,-0.168625,-0.097152,-0.458111,0.181089,0.676782,-0.119249,2
-0.358609,0.095894,-0.176401,0.376115,-0.341994,-0.492807,-0.095010,1.201202,-0.149715,-0.510019,-0.213772,0.486103,-0.687681,2
-0.463606,-0.272148,-0.450552,-0.074312,-0.693061,-0.516842,0.000367,0.032820,0.034254,-0.358620,0.093342,0.394294,-0.377193,2
-0.173319,-0.263172,-0.158124,0.451187,-0.552634,-0.733157,-0.135169,0.475999,0.034254,-0.380248,-0.169898,-0.135372,-0.412222,2
-0.482135,-0.469634,-0.779532,-0.074312,-0.271781,0.051986,0.005386,0.113398,0.428473,-0.510019,-0.213772,0.288361,-0.692457,2
-0.858891,-0.442704,0.609497,0.075830,-0.201568,0.356429,0.447132,-0.289493,0.787650,-0.520834,0.005595,0.457854,-0.106511,2
-0.951536,0.630003,-0.998853,0.000759,0.254819,0.708942,0.276457,-0.490938,1.742536,-0.466762,-0.455075,0.140054,-0.294396,2
-0.296845,0.042034,-0.359168,0.225973,-0.412208,0.204207,0.120843,-0.410360,-0.324923,-0.661419,-0.126025,0.118867,-0.671758,2
-0.766246,0.154242,1.011585,0.075830,0.114393,-0.436725,0.000367,0.959467,-0.473850,-0.272106,0.597886,-0.078875,-0.222745,2
-0.982417,-0.716492,0.243963,0.225973,-0.412208,0.148126,-0.009673,0.234265,-0.132194,-0.427831,0.312709,-0.213057,-0.498203,2
-0.568604,-0.424751,0.243963,0.451187,-0.552634,0.212219,0.130882,0.274554,-0.482611,-0.466762,-0.060215,0.408418,-0.576223,2
-1.217118,-0.370891,-0.304338,0.301044,-0.517528,0.132102,0.070644,0.637155,0.367150,-0.683047,1.650847,0.182427,-0.541194,2
-0.729188,-0.388844,-0.688149,0.195944,-0.482421,-0.252457,-0.215486,-0.249203,-0.053350,-0.672233,-0.016342,0.507289,-0.401076,2
-0.358609,-0.326008,-0.322615,0.451187,0.289926,-0.236434,0.030486,-0.088047,0.016733,-0.648442,0.224962,0.245987,-0.639913,2
-0.142437,0.490865,-0.706425,-0.524740,-0.693061,-0.532865,-0.391180,0.274554,-0.666579,-0.358620,-0.564759,-0.347239,-0.596923,2
-0.618014,0.490865,-0.669872,-0.074312,-0.447314,-0.236434,-0.195407,0.032820,0.244504,-0.817144,-0.060215,0.309547,-0.291211,2
-0.957712,0.028569,0.097750,0.075830,-0.131354,0.484615,0.381874,-0.168625,0.209463,-0.391063,-0.345392,0.549662,-0.194084,2
-0.889772,-0.128522,1.578163,1.352042,0.676099,0.708942,1.531416,0.435710,0.244504,0.203721,-0.060215,0.761529,-0.448844,2
-0.358609,0.939697,0.664327,1.051757,0.079286,-0.076201,0.050565,0.274554,0.104338,-0.644116,-0.082152,0.358983,-0.608068,2
0.030500,1.554596,-0.432275,0.301044,-0.482421,0.260289,0.311596,-0.249203,0.367150,-0.531648,-0.498949,0.344858,-0.584185,2
-0.698306,0.885837,0.042919,0.225973,-0.622848,0.452569,0.502350,-0.611805,1.155588,-0.488391,-0.455075,0.726218,-0.584185,2
-0.574780,-0.079151,-0.359168,0.225973,-0.517528,0.244266,0.311596,0.032820,-0.211038,-0.497042,-0.213772,0.471978,-0.587369,2
-0.352432,-0.361915,-0.139848,0.301044,-0.482421,0.356429,0.562588,0.113398,0.156900,-0.241826,-0.586696,0.161241,-0.628768,2
-0.747717,-0.092616,0.755711,1.352042,-0.271781,-0.132282,0.105783,0.878889,0.148140,-0.445134,0.027532,-0.121248,-0.447251,2
-0.389490,-0.317031,-0.121571,0.751472,-0.412208,-0.060177,0.211200,0.153687,0.270786,-0.635465,-0.147962,0.118867,-0.644690,2
-0.593309,0.881349,0.024643,0.376115,-0.693061,-0.156317,-0.140189,0.234265,-0.211038,-0.531648,-0.367329,-0.029439,-0.265735,2
-0.086850,-0.442704,-0.085017,-0.224455,0.781419,-0.629005,-0.391180,-0.611805,-0.570215,-0.207220,-0.433139,-0.933403,-0.186123,3
-0.074498,0.293380,0.061196,0.075830,0.149499,-0.797250,-0.406240,-0.490938,-0.666579,0.073950,-0.477012,-0.841594,-0.345348,3
-0.117732,-0.011826,0.061196,0.676400,-0.061141,-0.917425,-0.471498,-0.370071,-0.666579,0.138836,-0.652506,-0.883967,-0.297580,3
-0.185671,0.544725,-0.011911,0.301044,0.219713,-0.476784,-0.416280,-0.772961,-0.657819,-0.012564,-0.389265,-0.933403,-0.233890,3
-0.303022,-0.492076,-0.212954,-0.299526,-0.517528,-0.236434,-0.727509,0.959467,-0.298642,0.084764,-0.455075,-0.778034,-0.154278,3
-0.247435,0.055499,-0.304338,-0.149383,-0.201568,-0.540877,-0.687351,1.080335,-0.570215,0.441635,-0.498949,-0.728598,-0.082627,3
-0.463606,1.069858,0.317070,0.225973,-0.377101,-0.733157,-0.782727,0.677444,-0.692861,-0.261292,-0.455075,-0.947527,-0.042821,3
-0.290669,1.424435,0.499837,0.826543,-0.131354,-0.404679,-0.717470,1.080335,-0.430048,-0.012564,-0.301519,-0.650914,-0.369231,3
0.302258,0.562678,-0.322615,0.000759,-0.412208,-0.540877,-0.777708,0.878889,-0.622777,0.138836,-0.323455,-0.559105,-0.265735,3
-0.099203,0.279915,0.445007,0.676400,0.044179,0.019939,-0.717470,0.677444,-0.684100,-0.029867,-0.147962,-0.326052,-0.249813,3
-0.043616,0.212590,0.609497,0.225973,-0.131354,-0.604970,-0.767668,0.677444,-0.736663,-0.099078,-0.411202,-0.213057,-0.233890,3
0.221966,0.100382,-0.030187,0.075830,-0.377101,-0.717133,-0.767668,0.032820,-0.833027,0.117207,-0.564759,-0.100061,0.052714,3
0.320787,0.374169,0.646051,0.601329,-0.096248,-0.596959,-0.757628,0.556577,-0.911871,-0.153149,-0.147962,-0.389612,-0.361270,3
0.382550,1.173089,-0.030187,0.075830,-0.271781,-0.236434,-0.617073,0.435710,-0.500131,-0.142335,-0.104088,-0.396674,-0.313503,3
-0.463606,0.692840,-0.304338,-0.149383,0.430353,-0.733157,-0.627113,-0.289493,-0.395006,0.681711,-0.674442,-0.431985,0.172133,3
0.098440,0.553702,-0.395721,0.225973,0.079286,-0.637017,-0.742569,0.274554,-0.254840,-0.228849,-0.784126,-0.657976,0.132326,3
0.543135,1.213484,-0.249508,0.075830,-0.693061,-1.053623,-0.847985,0.153687,-0.797986,-0.034192,-0.827999,-0.905154,-0.528456,3
-0.080674,1.020487,0.207410,0.301044,-0.482421,-0.476784,-0.692370,0.435710,-0.640298,0.560591,-0.915746,-0.530856,-0.194084,3
0.197261,0.405587,0.024643,0.301044,-0.271781,-0.292516,-0.637152,0.355132,-0.298642,0.727131,-0.893809,-0.700349,-0.154278,3
0.049029,0.701816,-0.011911,0.301044,0.465459,-0.709122,-0.320903,-0.088047,-0.395006,0.939090,-0.849936,-0.905154,-0.313503,3
0.308435,0.351728,0.463284,0.676400,0.816526,-0.717133,-0.230546,-0.571516,-0.298642,0.766062,-0.806063,-0.926340,-0.393115,3
-0.130085,0.149753,0.207410,0.376115,0.430353,-0.653040,-0.335962,-0.490938,-0.289881,1.241889,-1.047366,-0.806283,-0.424960,3
0.067558,-0.195847,0.700881,0.901614,0.570779,-0.076201,-0.376121,-0.410360,-0.027069,0.441635,-0.762189,-0.905154,-0.512534,3
0.141674,0.432517,-0.158124,-0.149383,-0.061141,-0.396667,-0.602013,0.999756,0.244504,1.181329,-0.871873,-0.778034,-0.114472,3
-0.259787,-0.469634,-0.487105,0.075830,0.114393,-0.653040,-0.727509,0.677444,-0.167235,0.549777,-0.827999,-0.749785,-0.170200,3
0.104616,1.280809,-0.085017,0.376115,-0.236674,-0.444737,-0.702410,0.999756,-0.035829,0.614663,-0.784126,-0.799220,-0.034859,3
0.518430,0.800559,0.024643,0.000759,-0.377101,-0.396667,-0.602013,0.475999,-0.027069,0.854739,-0.849936,-0.686225,-0.424960,3
-0.340080,0.311333,0.499837,1.126828,-0.096248,-0.316550,-0.727509,1.080335,-0.395006,0.528149,-0.630569,-0.622665,0.211939,3
0.827246,-0.294590,0.609497,0.826543,-0.061141,0.404499,-0.361061,0.677444,0.971619,1.717716,-0.849936,-0.460234,-0.138356,3
0.296082,-0.299078,0.499837,0.451187,-0.377101,0.244266,-0.466478,0.637155,0.612442,1.447360,-0.849936,-0.587354,-0.202045,3
-0.395666,0.670398,0.024643,0.225973,-0.412208,0.003916,-0.556835,0.556577,-0.482611,0.560591,-0.871873,-0.728598,-0.361270,3
0.425785,0.414564,0.317070,0.075830,0.254819,-0.372632,-0.737549,0.556577,-0.692861,0.177767,0.005595,-0.559105,-0.106511,3
-0.093027,0.419052,0.390177,0.376115,0.219713,-0.516842,-0.717470,0.959467,-0.552694,0.112881,-0.191835,-0.354301,-0.281658,3
-0.025087,0.499842,-0.030187,-0.149383,0.219713,-0.725145,-0.667271,0.153687,-0.570215,0.047996,-0.608632,-0.608541,-0.114472,3
0.481372,0.190148,-0.121571,0.376115,-0.341994,-0.757192,-0.677311,0.193976,-0.491371,0.978021,-0.564759,-0.657976,-0.210007,3
0.450490,0.908279,-0.194678,0.451187,-0.412208,-0.813273,-0.782727,0.637155,-0.386246,0.337818,-0.389265,-0.608541,-0.361270,3
0.277553,0.612050,0.426730,0.526258,0.395246,-0.476784,-0.556835,0.274554,-0.114673,1.215935,-0.235709,-0.742723,-0.082627,3
-0.111556,0.463936,-0.121571,0.000759,-0.412208,-0.653040,-0.687351,0.153687,-0.543934,1.125095,-0.520886,-0.608541,-0.098549,3
0.357845,0.109359,0.591221,0.751472,0.184606,-0.596959,-0.596994,0.113398,-0.044590,0.779039,-0.477012,-0.573230,0.004947,3
0.246671,1.015998,0.901925,0.826543,0.430353,-0.252457,-0.536756,-0.370071,-0.421288,0.744434,-0.630569,-0.488483,-0.186123,3
-0.494488,0.311333,-0.085017,-0.074312,-0.131354,-0.837308,-0.772688,0.153687,-0.754184,0.095579,-0.652506,-0.552043,-0.377193,3
-0.142437,0.024081,-0.158124,0.000759,-0.482421,-0.725145,-0.762648,0.475999,-0.833027,1.047232,-0.849936,-0.693287,-0.440882,3
0.716072,0.077940,0.207410,0.075830,-0.306888,-0.492807,-0.667271,0.314843,-0.307402,1.003975,-0.740252,-0.636790,-0.138356,3
0.438137,1.487271,0.152580,0.150902,-0.166461,-0.492807,-0.712450,0.637155,-0.465090,0.571406,-0.696379,-0.615603,-0.010976,3
0.246671,0.706305,0.207410,0.526258,0.079286,-0.396667,-0.642172,0.274554,-0.158475,0.484892,-0.564759,-0.742723,0.004947,3
0.166379,0.872372,-0.194678,0.075830,0.711206,-0.564912,-0.672291,0.274554,-0.211038,1.112118,-0.806063,-0.742723,0.140288,3
0.104616,0.113847,0.006366,0.075830,0.711206,-0.516842,-0.677311,0.677444,-0.114673,0.917461,-0.784126,-0.700349,0.148249,3
0.697543,0.791583,0.682604,0.751472,-0.131354,-0.196376,-0.637152,0.798311,-0.211038,0.895833,-0.762189,-0.714474,-0.297580,3
