867,507,1
670,82,1
519,36,1
911,276,1
980,706,1
146,659,1
897,660,1
974,982,1
110,547,1
873,491,1
799,768,1
387,616,1
391,548,1
799,252,1
699,803,1
408,29,1
901,435,1
135,884,1
64,154,1
459,401,1
859,192,1
838,284,1
547,459,1
276,496,1
206,751,-1
701,146,-1
998,308,-1
118,337,-1
400,22,-1
73,826,-1
8,979,-1
740,372,-1
743,860,-1
958,979,-1
411,945,-1
624,260,-1
720,243,-1
204,169,-1
113,160,-1
437,778,-1
999,543,-1
80,271,-1
27,892,-1
44,534,-1
205,70,-1
715,393,-1
65,63,-1
431,606,-1
542,270,-1
86,378,-1
637,569,-1
254,960,-1
377,520,-1
649,136,-1
362,633,-1
41,455,-1
446,780,-1
210,827,-1
103,712,-1
144,202,-1
5,200,-1
826,672,-1
768,655,-1
976,110,-1
900,453,-1
676,702,-1
691,171,-1
539,100,-1
770,130,-1
324,898,-1
294,497,-1
105,987,-1
979,705,-1
147,685,-1
274,727,-1
881,255,-1
245,257,-1
135,919,-1
868,690,-1
364,598,-1
621,531,-1
670,566,-1
190,920,-1
779,704,-1
491,77,-1
835,585,-1
380,897,-1
449,265,-1
183,320,-1
603,407,-1
78,167,-1
923,889,-1
925,708,-1
801,751,-1
729,465,-1
853,91,-1
528,114,-1
94,865,-1
14,87,-1
986,69,-1
265,932,-1
550,914,-1
815,290,-1
144,30,-1
389,589,-1
418,609,-1
685,882,-1
397,769,-1
374,82,-1
235,20,-1
744,233,-1
31,640,-1
32,625,-1
332,930,-1
172,206,-1
398,414,-1
175,808,-1
94,74,-1
850,453,-1
896,335,-1
999,181,-1
214,403,-1
528,430,-1
264,761,-1
474,597,-1
44,217,-1
638,758,-1
677,569,-1
94,229,-1
901,862,-1
745,113,-1
918,192,-1
180,412,-1
837,904,-1
722,893,-1
700,142,-1
29,287,-1
216,173,-1
632,645,-1
225,410,-1
476,937,-1
719,211,-1
879,547,-1
177,979,-1
511,951,-1
584,771,-1
672,535,-1
210,899,-1
13,95,-1
220,2,-1
