906,769,1
980,519,1
618,469,1
26,76,1
324,313,1
264,928,1
204,750,1
450,688,1
473,638,1
197,937,1
322,901,1
636,295,1
538,120,1
730,144,1
931,532,1
918,125,1
42,702,1
903,18,1
545,600,1
972,969,1
68,839,1
944,713,1
77,449,1
585,370,1
831,537,1
790,479,1
206,94,1
802,170,1
604,191,1
974,991,1
876,706,1
713,657,-1
227,603,-1
365,740,-1
335,946,-1
362,216,-1
848,991,-1
318,424,-1
281,77,-1
513,39,-1
75,632,-1
333,848,-1
697,234,-1
495,301,-1
161,684,-1
748,120,-1
622,847,-1
929,978,-1
130,204,-1
980,942,-1
987,151,-1
31,406,-1
901,807,-1
637,731,-1
410,549,-1
527,619,-1
342,289,-1
626,984,-1
939,485,-1
485,923,-1
433,474,-1
644,790,-1
485,563,-1
62,863,-1
592,327,-1
194,455,-1
127,491,-1
319,451,-1
147,840,-1
597,335,-1
284,355,-1
555,938,-1
57,773,-1
901,57,-1
306,611,-1
846,352,-1
119,791,-1
808,380,-1
965,599,-1
326,45,-1
234,415,-1
63,483,-1
778,965,-1
835,547,-1
341,749,-1
907,770,-1
129,867,-1
82,270,-1
553,541,-1
123,697,-1
873,896,-1
536,456,-1
944,102,-1
963,611,-1
548,97,-1
75,726,-1
952,968,-1
882,672,-1
929,246,-1
783,656,-1
197,369,-1
303,104,-1
125,805,-1
917,814,-1
251,89,-1
70,940,-1
129,184,-1
9,685,-1
124,677,-1
101,828,-1
554,641,-1
552,108,-1
193,793,-1
978,677,-1
322,475,-1
665,982,-1
149,980,-1
460,970,-1
746,272,-1
580,68,-1
157,738,-1
654,950,-1
3,194,-1
673,268,-1
36,817,-1
233,559,-1
920,526,-1
60,380,-1
458,922,-1
762,754,-1
698,320,-1
404,347,-1
358,898,-1
466,258,-1
879,981,-1
633,64,-1
710,295,-1
924,236,-1
306,779,-1
965,598,-1
623,294,-1
475,912,-1
284,9,-1
972,149,-1
567,285,-1
494,254,-1
814,996,-1
213,698,-1
575,24,-1
172,731,-1
