382,395,1
56,204,1
763,981,1
436,885,1
417,326,1
896,536,1
234,623,1
632,291,1
12,470,1
274,226,1
129,573,1
952,932,1
739,226,1
395,296,1
443,121,1
417,19,1
492,473,1
434,305,1
355,841,1
440,483,1
388,523,1
290,353,1
205,948,1
247,637,1
413,540,1
434,381,1
682,125,1
497,884,1
824,348,1
624,82,1
669,605,1
967,306,1
722,320,1
64,202,1
599,937,1
161,59,1
722,676,1
469,914,1
656,263,1
953,419,1
463,835,1
348,22,-1
638,809,-1
501,66,-1
950,102,-1
918,48,-1
125,944,-1
577,469,-1
534,786,-1
571,266,-1
296,243,-1
762,22,-1
241,797,-1
760,739,-1
629,190,-1
347,513,-1
733,225,-1
988,472,-1
956,358,-1
238,808,-1
187,465,-1
472,135,-1
970,938,-1
952,0,-1
477,685,-1
830,33,-1
892,698,-1
214,656,-1
696,599,-1
933,555,-1
275,696,-1
486,625,-1
631,274,-1
137,596,-1
720,714,-1
312,43,-1
49,136,-1
959,545,-1
360,982,-1
653,996,-1
58,43,-1
717,853,-1
733,305,-1
182,898,-1
575,945,-1
790,263,-1
296,248,-1
772,826,-1
245,298,-1
52,375,-1
186,963,-1
640,836,-1
842,338,-1
144,778,-1
388,67,-1
751,737,-1
261,285,-1
536,698,-1
403,290,-1
926,906,-1
552,142,-1
507,966,-1
328,435,-1
960,847,-1
1,29,-1
219,477,-1
108,738,-1
371,508,-1
455,793,-1
626,710,-1
399,975,-1
240,619,-1
500,117,-1
46,303,-1
230,823,-1
962,746,-1
354,725,-1
573,417,-1
366,547,-1
659,598,-1
169,522,-1
306,633,-1
403,909,-1
688,405,-1
209,642,-1
224,154,-1
290,153,-1
144,703,-1
996,85,-1
682,158,-1
526,201,-1
203,168,-1
859,936,-1
928,177,-1
420,183,-1
987,844,-1
897,430,-1
870,905,-1
876,642,-1
374,946,-1
982,919,-1
864,79,-1
853,457,-1
467,241,-1
727,272,-1
253,688,-1
752,553,-1
350,239,-1
332,916,-1
510,528,-1
