537,946,1
554,393,1
904,835,1
998,654,1
68,636,1
940,827,1
787,474,1
44,566,1
763,908,1
462,678,1
317,622,1
356,5,1
891,332,1
787,969,1
33,599,1
175,130,-1
196,83,-1
502,402,-1
579,21,-1
211,631,-1
919,579,-1
615,203,-1
348,954,-1
185,47,-1
398,784,-1
535,524,-1
584,349,-1
345,107,-1
366,745,-1
730,844,-1
167,622,-1
432,276,-1
895,309,-1
391,911,-1
512,35,-1
75,816,-1
823,260,-1
250,811,-1
6,456,-1
444,762,-1
703,555,-1
325,215,-1
824,973,-1
152,434,-1
183,39,-1
949,131,-1
112,413,-1
189,460,-1
960,847,-1
290,797,-1
312,648,-1
201,566,-1
550,373,-1
772,710,-1
494,661,-1
137,44,-1
855,987,-1
483,647,-1
195,721,-1
72,495,-1
851,197,-1
944,100,-1
257,180,-1
704,169,-1
400,29,-1
374,282,-1
927,832,-1
349,764,-1
940,190,-1
604,726,-1
764,738,-1
583,12,-1
279,646,-1
522,488,-1
745,930,-1
803,443,-1
448,106,-1
391,884,-1
151,497,-1
92,349,-1
759,486,-1
224,234,-1
661,529,-1
931,847,-1
481,49,-1
579,438,-1
219,617,-1
481,988,-1
19,182,-1
923,687,-1
516,421,-1
123,661,-1
286,260,-1
697,475,-1
741,588,-1
841,233,-1
989,331,-1
977,774,-1
895,888,-1
415,225,-1
