684,555,1
763,130,1
359,98,1
705,411,1
72,11,1
115,80,1
847,806,1
448,174,1
99,371,1
910,637,1
961,94,1
265,226,1
544,880,1
714,328,1
244,19,1
675,840,1
510,410,1
183,180,1
128,864,1
932,260,1
442,152,1
870,117,1
779,595,1
84,525,1
203,839,1
964,591,1
131,552,1
972,438,1
373,381,1
560,67,1
292,32,1
930,11,1
816,616,1
610,694,1
906,217,1
559,954,-1
629,383,-1
192,23,-1
835,699,-1
707,377,-1
9,574,-1
723,931,-1
277,734,-1
754,123,-1
804,963,-1
599,594,-1
70,942,-1
472,739,-1
600,148,-1
396,209,-1
314,562,-1
486,782,-1
551,41,-1
87,58,-1
174,705,-1
600,36,-1
849,778,-1
677,86,-1
537,43,-1
845,872,-1
777,770,-1
916,307,-1
976,32,-1
755,182,-1
709,128,-1
431,275,-1
850,554,-1
984,184,-1
177,444,-1
755,488,-1
797,589,-1
659,286,-1
147,280,-1
423,770,-1
288,515,-1
697,875,-1
639,269,-1
543,296,-1
151,607,-1
459,450,-1
882,248,-1
28,323,-1
802,829,-1
128,782,-1
53,963,-1
901,749,-1
550,139,-1
488,598,-1
756,461,-1
273,889,-1
335,621,-1
388,843,-1
617,696,-1
42,528,-1
543,925,-1
888,149,-1
257,110,-1
321,25,-1
999,464,-1
937,956,-1
57,889,-1
291,886,-1
119,445,-1
430,673,-1
82,872,-1
91,928,-1
896,228,-1
398,507,-1
611,763,-1
565,121,-1
908,326,-1
633,469,-1
938,287,-1
324,696,-1
774,152,-1
47,41,-1
639,274,-1
868,207,-1
180,779,-1
846,166,-1
143,111,-1
660,349,-1
227,129,-1
954,735,-1
791,886,-1
719,812,-1
909,216,-1
853,24,-1
305,978,-1
581,771,-1
169,234,-1
675,716,-1
448,998,-1
95,291,-1
197,726,-1
606,701,-1
256,709,-1
881,727,-1
690,555,-1
861,212,-1
387,138,-1
554,421,-1
973,637,-1
368,668,-1
999,623,-1
917,488,-1
201,770,-1
383,539,-1
512,979,-1
370,663,-1
