502,195,1
211,851,1
919,944,1
345,940,1
554,764,1
904,279,1
167,522,1
432,448,1
391,391,1
940,151,1
44,579,1
703,891,1
949,516,1
763,33,1
175,137,-1
196,855,-1
537,483,-1
579,72,-1
615,257,-1
348,704,-1
185,400,-1
398,374,-1
535,927,-1
584,349,-1
366,604,-1
730,583,-1
998,745,-1
68,803,-1
895,317,-1
512,92,-1
75,759,-1
823,224,-1
250,661,-1
6,356,-1
787,931,-1
444,481,-1
325,219,-1
824,481,-1
152,19,-1
183,923,-1
112,787,-1
189,123,-1
960,286,-1
290,697,-1
312,741,-1
201,841,-1
462,989,-1
550,977,-1
772,895,-1
494,415,-1
