968,200,1
256,508,1
480,693,1
662,341,1
258,90,1
316,348,1
641,779,1
947,758,1
581,764,1
519,297,1
379,608,1
405,696,1
372,907,1
677,213,1
765,34,1
611,685,1
731,967,1
672,162,1
864,775,1
289,825,1
508,231,1
754,876,1
496,292,1
497,564,1
295,908,1
503,887,1
173,844,1
786,6,1
483,205,1
148,374,1
62,743,1
939,936,1
252,516,1
795,125,1
309,826,1
520,405,1
776,256,1
588,21,1
690,125,1
863,219,1
9,223,1
141,480,1
44,983,1
874,583,-1
664,860,-1
249,292,-1
643,893,-1
952,938,-1
789,26,-1
659,408,-1
714,148,-1
875,62,-1
681,172,-1
650,670,-1
917,657,-1
119,372,-1
422,32,-1
660,598,-1
940,551,-1
605,828,-1
423,863,-1
398,32,-1
504,471,-1
538,344,-1
337,929,-1
474,380,-1
834,307,-1
959,207,-1
858,489,-1
872,17,-1
622,435,-1
609,839,-1
413,13,-1
618,607,-1
152,964,-1
507,734,-1
830,63,-1
171,13,-1
545,973,-1
335,728,-1
176,60,-1
805,943,-1
20,420,-1
862,695,-1
561,234,-1
383,725,-1
718,198,-1
500,343,-1
540,476,-1
887,12,-1
566,924,-1
0,367,-1
704,622,-1
274,394,-1
959,35,-1
184,220,-1
952,817,-1
967,72,-1
165,217,-1
686,267,-1
545,601,-1
113,504,-1
1,473,-1
853,699,-1
117,900,-1
887,597,-1
970,221,-1
747,768,-1
892,952,-1
996,94,-1
912,865,-1
511,226,-1
848,149,-1
912,762,-1
274,750,-1
843,541,-1
183,426,-1
223,734,-1
141,670,-1
421,332,-1
414,971,-1
560,502,-1
957,167,-1
308,945,-1
497,245,-1
2,684,-1
156,277,-1
36,94,-1
858,553,-1
744,711,-1
684,732,-1
176,34,-1
827,655,-1
970,278,-1
182,813,-1
484,936,-1
603,602,-1
277,265,-1
625,403,-1
824,325,-1
616,438,-1
285,26,-1
160,675,-1
688,920,-1
9,436,-1
33,738,-1
495,299,-1
444,663,-1
728,434,-1
311,786,-1
267,320,-1
212,455,-1
906,474,-1
368,949,-1
720,160,-1
76,590,-1
836,634,-1
300,979,-1
44,282,-1
275,259,-1
912,933,-1
120,277,-1
738,622,-1
679,500,-1
178,634,-1
961,919,-1
35,493,-1
242,786,-1
52,802,-1
257,860,-1
959,966,-1
2,659,-1
727,316,-1
977,767,-1
22,621,-1
476,551,-1
647,576,-1
441,572,-1
481,908,-1
544,889,-1
604,42,-1
828,757,-1
912,228,-1
363,734,-1
788,748,-1
664,547,-1
974,77,-1
531,580,-1
100,994,-1
905,605,-1
26,69,-1
60,369,-1
133,999,-1
212,425,-1
503,966,-1
489,813,-1
618,672,-1
337,577,-1
544,455,-1
510,707,-1
