192,324,1
9,131,1
723,972,1
277,868,1
396,791,1
314,719,1
705,909,1
174,305,1
777,606,1
431,861,1
850,610,1
755,999,1
797,917,1
147,383,1
910,512,1
639,23,1
544,699,1
714,377,1
128,209,1
932,562,1
901,782,1
756,705,1
335,778,1
257,80,1
321,32,1
82,444,1
684,938,-1
559,84,-1
629,203,-1
835,774,-1
763,964,-1
707,47,-1
359,639,-1
754,180,-1
804,846,-1
599,143,-1
70,660,-1
472,227,-1
600,954,-1
486,373,-1
551,853,-1
87,560,-1
600,581,-1
849,169,-1
677,675,-1
537,448,-1
845,95,-1
72,197,-1
916,256,-1
115,881,-1
976,690,-1
755,292,-1
709,930,-1
847,816,-1
448,387,-1
99,554,-1
984,973,-1
177,368,-1
659,201,-1
423,906,-1
288,370,-1
961,555,-1
265,954,-1
697,383,-1
543,130,-1
244,98,-1
151,574,-1
675,931,-1
510,734,-1
459,123,-1
882,963,-1
183,594,-1
28,942,-1
802,739,-1
128,148,-1
53,411,-1
550,41,-1
488,58,-1
273,36,-1
388,86,-1
617,43,-1
42,872,-1
442,11,-1
543,770,-1
888,307,-1
999,182,-1
937,128,-1
57,806,-1
291,275,-1
870,174,-1
119,554,-1
779,371,-1
430,184,-1
91,488,-1
896,589,-1
398,286,-1
611,280,-1
565,637,-1
908,770,-1
633,515,-1
