584,324,1
299,81,1
75,454,1
433,914,1
725,855,1
195,736,1
772,823,1
359,477,1
545,424,1
892,714,1
708,670,1
211,831,1
121,751,1
450,406,1
238,868,1
50,767,1
319,574,1
207,424,1
493,75,1
271,562,1
392,433,1
759,761,1
760,207,1
697,487,1
873,49,1
764,364,1
446,955,1
758,746,1
86,211,1
168,56,-1
527,466,-1
493,385,-1
534,680,-1
466,61,-1
360,125,-1
263,485,-1
674,609,-1
607,980,-1
587,474,-1
47,918,-1
831,299,-1
287,820,-1
730,741,-1
404,970,-1
124,968,-1
628,218,-1
805,483,-1
679,987,-1
102,528,-1
938,635,-1
875,661,-1
51,43,-1
550,720,-1
570,326,-1
255,933,-1
323,59,-1
325,785,-1
88,655,-1
302,461,-1
454,26,-1
351,807,-1
31,148,-1
592,187,-1
564,689,-1
972,762,-1
132,539,-1
730,0,-1
561,442,-1
807,245,-1
942,604,-1
648,804,-1
434,63,-1
506,622,-1
745,201,-1
493,647,-1
401,850,-1
918,897,-1
506,219,-1
885,750,-1
585,224,-1
366,296,-1
474,46,-1
83,841,-1
96,491,-1
555,590,-1
800,478,-1
538,622,-1
498,607,-1
904,800,-1
588,887,-1
766,784,-1
138,405,-1
808,939,-1
34,570,-1
316,482,-1
649,21,-1
997,945,-1
838,703,-1
454,509,-1
19,348,-1
