762,826,1
347,963,1
187,285,1
472,698,1
830,523,1
234,966,1
632,847,1
274,353,1
696,738,1
395,637,1
933,710,1
137,303,1
443,547,1
417,522,1
733,633,1
182,909,1
245,85,1
355,158,1
640,201,1
751,177,1
536,183,1
552,430,1
388,905,1
507,642,1
960,946,1
108,914,1
247,457,1
366,468,1
659,557,1
169,222,1
497,718,1
290,142,1
144,964,1
996,999,1
682,596,1
967,794,1
374,814,1
469,245,1
864,438,1
853,620,1
752,817,1
102,694,1
204,736,1
885,986,1
243,78,1
190,179,1
225,305,1
808,710,1
135,680,1
656,157,1
599,465,1
573,683,1
596,816,1
382,545,-1
348,982,-1
638,996,-1
501,121,-1
950,43,-1
56,19,-1
763,853,-1
918,305,-1
125,473,-1
577,898,-1
534,945,-1
436,263,-1
571,305,-1
296,248,-1
241,298,-1
760,841,-1
629,375,-1
417,836,-1
733,338,-1
988,483,-1
896,778,-1
956,67,-1
238,737,-1
970,290,-1
952,906,-1
477,142,-1
892,435,-1
12,29,-1
214,477,-1
129,508,-1
952,948,-1
739,793,-1
275,975,-1
486,619,-1
631,117,-1
720,823,-1
312,746,-1
49,540,-1
959,381,-1
360,725,-1
653,417,-1
58,598,-1
717,125,-1
492,884,-1
575,405,-1
790,642,-1
434,154,-1
296,153,-1
772,703,-1
52,348,-1
186,82,-1
842,168,-1
440,605,-1
144,306,-1
388,936,-1
261,320,-1
403,844,-1
926,202,-1
328,937,-1
1,59,-1
290,919,-1
219,676,-1
371,79,-1
205,263,-1
455,419,-1
626,241,-1
399,272,-1
240,688,-1
500,553,-1
46,239,-1
230,916,-1
962,528,-1
413,835,-1
434,515,-1
354,539,-1
573,262,-1
682,8,-1
306,585,-1
403,208,-1
688,333,-1
209,886,-1
224,905,-1
824,587,-1
624,208,-1
526,115,-1
203,859,-1
669,315,-1
859,680,-1
928,278,-1
722,5,-1
420,154,-1
987,407,-1
64,899,-1
897,862,-1
870,541,-1
876,746,-1
599,646,-1
161,882,-1
982,118,-1
722,133,-1
656,22,-1
953,629,-1
467,868,-1
727,711,-1
253,524,-1
350,824,-1
332,104,-1
510,198,-1
463,695,-1
395,484,-1
22,709,-1
809,643,-1
66,319,-1
981,92,-1
48,547,-1
944,434,-1
469,144,-1
786,652,-1
266,710,-1
22,663,-1
797,664,-1
739,921,-1
513,386,-1
326,156,-1
472,447,-1
536,401,-1
358,377,-1
465,996,-1
938,725,-1
0,339,-1
685,859,-1
33,291,-1
623,263,-1
698,819,-1
291,491,-1
470,654,-1
226,508,-1
932,497,-1
226,400,-1
296,1,-1
555,911,-1
696,882,-1
625,79,-1
274,891,-1
714,713,-1
43,957,-1
136,240,-1
