122,653,1
946,888,1
44,49,1
183,899,1
533,598,1
509,208,1
56,691,1
706,10,1
648,502,1
343,586,1
941,873,1
370,32,1
371,281,1
95,5,1
562,920,1
145,498,1
240,29,1
187,2,1
190,947,1
279,460,1
466,318,1
181,795,1
499,499,1
240,729,1
804,360,1
107,992,1
51,754,1
165,494,1
443,977,1
699,789,1
54,218,1
579,264,1
693,556,1
174,0,-1
439,394,-1
709,360,-1
897,119,-1
360,501,-1
599,638,-1
456,391,-1
818,959,-1
393,742,-1
58,591,-1
764,488,-1
871,315,-1
109,308,-1
606,52,-1
823,448,-1
951,727,-1
313,609,-1
872,686,-1
676,938,-1
294,927,-1
126,764,-1
564,291,-1
387,414,-1
0,833,-1
149,375,-1
713,842,-1
422,660,-1
486,7,-1
174,487,-1
373,553,-1
30,470,-1
561,655,-1
322,297,-1
954,259,-1
416,610,-1
680,151,-1
243,870,-1
426,519,-1
161,564,-1
800,156,-1
638,971,-1
493,627,-1
412,448,-1
515,421,-1
719,805,-1
610,487,-1
953,457,-1
255,842,-1
977,989,-1
729,548,-1
73,445,-1
688,915,-1
460,720,-1
151,227,-1
114,22,-1
222,284,-1
534,761,-1
963,460,-1
190,912,-1
331,972,-1
56,667,-1
882,296,-1
198,806,-1
743,639,-1
749,335,-1
711,218,-1
969,435,-1
439,647,-1
597,589,-1
478,817,-1
847,516,-1
987,771,-1
59,396,-1
264,500,-1
505,26,-1
840,454,-1
250,121,-1
893,240,-1
566,569,-1
487,931,-1
352,81,-1
670,690,-1
388,143,-1
54,207,-1
587,255,-1
264,547,-1
484,418,-1
543,377,-1
808,540,-1
913,876,-1
78,844,-1
9,602,-1
125,309,-1
565,258,-1
708,23,-1
958,335,-1
626,233,-1
131,118,-1
772,366,-1
935,37,-1
966,713,-1
552,111,-1
252,217,-1
736,246,-1
491,958,-1
662,797,-1
748,821,-1
510,747,-1
746,148,-1
785,116,-1
27,54,-1
865,450,-1
828,466,-1
171,833,-1
86,403,-1
639,951,-1
527,607,-1
