763,717,1
534,575,1
296,296,1
896,144,1
956,388,1
238,751,1
952,926,1
477,552,1
830,388,1
892,328,1
274,290,1
214,219,1
395,247,1
486,240,1
720,230,1
312,962,1
382,959,-1
348,360,-1
638,653,-1
501,443,-1
950,58,-1
56,417,-1
918,733,-1
125,492,-1
577,182,-1
436,790,-1
571,434,-1
762,772,-1
241,245,-1
760,355,-1
629,52,-1
347,186,-1
417,640,-1
733,842,-1
988,440,-1
187,261,-1
472,536,-1
970,403,-1
234,507,-1
632,960,-1
12,1,-1
696,108,-1
129,371,-1
952,205,-1
739,455,-1
933,626,-1
275,399,-1
631,500,-1
137,46,-1
49,413,-1
