867,374,1
400,332,1
519,214,1
44,94,1
542,180,1
146,859,1
377,216,1
446,719,1
897,838,1
826,584,1
539,308,1
770,22,1
324,826,1
105,372,1
979,860,1
135,243,1
364,169,1
449,70,1
183,393,1
144,982,1
206,235,-1
701,744,-1
998,31,-1
118,32,-1
73,172,-1
8,901,-1
740,398,-1
743,175,-1
958,94,-1
411,850,-1
624,896,-1
670,999,-1
720,135,-1
204,528,-1
911,64,-1
113,264,-1
437,474,-1
999,44,-1
80,638,-1
27,677,-1
205,459,-1
715,901,-1
65,745,-1
431,918,-1
980,837,-1
86,722,-1
637,700,-1
254,29,-1
649,632,-1
362,225,-1
41,476,-1
210,547,-1
103,879,-1
144,276,-1
974,177,-1
5,511,-1
768,672,-1
976,210,-1
900,13,-1
110,220,-1
676,507,-1
873,751,-1
691,146,-1
799,337,-1
294,979,-1
147,979,-1
274,945,-1
881,260,-1
245,82,-1
868,36,-1
621,276,-1
670,160,-1
190,778,-1
779,543,-1
491,271,-1
835,892,-1
380,534,-1
387,63,-1
603,606,-1
78,270,-1
923,706,-1
925,378,-1
801,569,-1
729,659,-1
853,960,-1
391,520,-1
528,136,-1
94,633,-1
14,455,-1
986,780,-1
799,660,-1
265,827,-1
550,712,-1
815,202,-1
389,200,-1
418,672,-1
685,655,-1
699,110,-1
408,453,-1
397,547,-1
