527,97,1
493,8,1
534,86,1
466,367,1
674,709,1
102,298,1
51,19,1
545,45,1
255,9,1
88,754,1
450,19,1
592,184,1
238,380,1
132,49,1
207,923,1
271,357,1
493,140,1
918,44,1
873,830,1
83,153,1
555,548,1
904,790,1
649,358,1
454,989,1
454,253,1
918,676,1
987,930,1
528,972,1
43,623,1
720,39,1
831,603,1
406,934,1
539,898,1
0,955,1
804,972,1
75,531,1
622,693,1
761,937,1
207,283,1
224,828,1
296,303,1
590,105,1
784,201,1
482,368,1
168,51,-1
584,619,-1
299,88,-1
75,651,-1
360,769,-1
263,939,-1
433,827,-1
607,63,-1
587,135,-1
725,336,-1
47,361,-1
831,348,-1
287,207,-1
730,122,-1
404,657,-1
124,421,-1
628,313,-1
805,415,-1
679,290,-1
195,976,-1
772,560,-1
938,548,-1
875,534,-1
359,95,-1
550,913,-1
570,840,-1
892,805,-1
323,149,-1
325,420,-1
708,935,-1
302,487,-1
454,339,-1
351,858,-1
211,36,-1
121,808,-1
31,358,-1
564,392,-1
972,718,-1
50,885,-1
730,51,-1
319,115,-1
561,195,-1
807,79,-1
942,898,-1
648,278,-1
434,261,-1
493,133,-1
506,722,-1
745,349,-1
392,220,-1
759,390,-1
401,625,-1
760,517,-1
506,912,-1
885,709,-1
585,820,-1
697,888,-1
366,410,-1
764,339,-1
474,871,-1
446,613,-1
96,125,-1
800,655,-1
538,725,-1
498,274,-1
588,605,-1
766,270,-1
138,64,-1
808,965,-1
34,87,-1
316,801,-1
758,583,-1
997,96,-1
838,497,-1
86,82,-1
19,79,-1
56,924,-1
466,404,-1
385,858,-1
324,208,-1
680,774,-1
81,422,-1
61,408,-1
125,902,-1
485,939,-1
609,697,-1
914,917,-1
980,753,-1
474,341,-1
855,105,-1
299,233,-1
820,63,-1
741,104,-1
970,723,-1
968,516,-1
218,822,-1
483,764,-1
736,634,-1
823,507,-1
635,767,-1
661,975,-1
477,500,-1
424,190,-1
326,85,-1
714,769,-1
933,947,-1
59,301,-1
785,668,-1
655,791,-1
670,676,-1
461,337,-1
26,210,-1
807,92,-1
751,243,-1
148,362,-1
187,586,-1
689,282,-1
868,446,-1
762,237,-1
767,33,-1
574,57,-1
424,422,-1
442,736,-1
245,127,-1
604,469,-1
63,894,-1
562,594,-1
201,890,-1
647,8,-1
433,11,-1
850,442,-1
897,919,-1
219,698,-1
750,627,-1
487,144,-1
49,260,-1
364,332,-1
46,886,-1
955,189,-1
841,610,-1
491,791,-1
478,403,-1
622,865,-1
607,799,-1
800,81,-1
887,729,-1
405,187,-1
939,896,-1
570,8,-1
21,906,-1
746,264,-1
945,229,-1
703,611,-1
211,245,-1
509,872,-1
348,686,-1
