618,901,1
335,538,1
362,846,1
848,119,1
513,326,1
697,63,1
622,129,1
264,918,1
204,123,1
987,536,1
939,882,1
197,68,1
485,929,1
906,636,-1
713,284,-1
227,555,-1
980,57,-1
365,306,-1
318,808,-1
281,965,-1
75,234,-1
333,730,-1
26,778,-1
495,835,-1
161,341,-1
748,907,-1
324,82,-1
929,931,-1
130,553,-1
980,873,-1
31,944,-1
450,42,-1
901,963,-1
637,903,-1
410,548,-1
527,75,-1
473,952,-1
342,545,-1
626,972,-1
433,783,-1
644,197,-1
485,303,-1
62,125,-1
592,917,-1
194,251,-1
127,70,-1
322,129,-1
319,9,-1
147,124,-1
597,944,-1
