136,20,1
877,28,1
945,394,1
115,832,1
458,903,1
143,548,1
964,466,1
873,46,1
410,873,1
9,160,1
381,994,1
783,994,1
451,347,-1
340,491,-1
361,575,-1
133,598,-1
986,31,-1
851,685,-1
360,533,-1
703,712,-1
48,988,-1
85,735,-1
828,559,-1
667,941,-1
620,2,-1
269,422,-1
905,199,-1
61,991,-1
349,123,-1
354,376,-1
315,217,-1
530,956,-1
270,614,-1
102,603,-1
349,964,-1
440,293,-1
777,363,-1
563,450,-1
949,550,-1
821,310,-1
839,982,-1
827,423,-1
170,634,-1
322,646,-1
870,351,-1
741,841,-1
494,7,-1
81,382,-1
875,393,-1
476,742,-1
