584,730,1
534,319,1
299,207,1
47,493,1
287,759,1
404,918,1
102,873,1
892,538,1
302,808,1
351,316,1
450,838,1
168,972,-1
527,50,-1
493,132,-1
466,561,-1
75,807,-1
360,942,-1
263,648,-1
674,434,-1
433,493,-1
607,506,-1
587,271,-1
725,745,-1
831,392,-1
730,401,-1
124,760,-1
628,506,-1
805,885,-1
679,585,-1
195,697,-1
772,366,-1
938,764,-1
875,474,-1
51,446,-1
359,83,-1
550,96,-1
545,555,-1
570,800,-1
255,498,-1
323,904,-1
325,588,-1
88,766,-1
708,138,-1
454,34,-1
211,649,-1
121,758,-1
31,997,-1
592,86,-1
564,454,-1
238,19,-1
