559,265,1
723,675,1
70,28,1
87,488,1
600,273,1
677,388,1
537,617,1
777,543,1
115,257,1
755,999,1
431,291,1
423,908,1
684,961,-1
629,697,-1
192,639,-1
835,544,-1
763,543,-1
707,714,-1
359,244,-1
9,151,-1
277,510,-1
754,459,-1
804,882,-1
599,183,-1
472,802,-1
600,128,-1
396,128,-1
314,932,-1
705,53,-1
486,901,-1
551,550,-1
174,756,-1
849,335,-1
845,42,-1
72,442,-1
916,888,-1
976,321,-1
709,937,-1
847,57,-1
448,870,-1
850,119,-1
99,779,-1
984,430,-1
177,82,-1
755,91,-1
797,896,-1
659,398,-1
147,611,-1
910,565,-1
288,633,-1
