227,552,1
618,585,1
848,322,1
75,746,1
333,580,1
26,654,1
31,404,1
637,879,1
473,924,1
485,475,1
592,814,1
194,604,1
319,575,1
597,172,1
555,603,1
901,469,1
341,684,1
931,978,1
918,928,1
553,204,1
123,750,1
545,289,1
68,937,1
783,474,1
303,563,1
917,327,1
124,840,1
906,101,-1
713,554,-1
980,77,-1
365,193,-1
335,831,-1
362,978,-1
318,665,-1
281,149,-1
513,460,-1
697,157,-1
495,790,-1
161,3,-1
748,673,-1
622,36,-1
324,233,-1
929,920,-1
264,60,-1
130,206,-1
204,458,-1
980,762,-1
987,698,-1
450,358,-1
901,466,-1
410,633,-1
527,710,-1
342,306,-1
626,965,-1
939,623,-1
197,802,-1
433,284,-1
644,972,-1
485,567,-1
62,494,-1
127,974,-1
322,213,-1
147,876,-1
636,769,-1
284,657,-1
57,519,-1
306,740,-1
538,946,-1
846,216,-1
119,991,-1
808,424,-1
965,77,-1
326,39,-1
234,632,-1
730,848,-1
63,234,-1
778,76,-1
835,301,-1
907,120,-1
129,847,-1
82,313,-1
873,942,-1
536,151,-1
944,406,-1
42,688,-1
963,807,-1
903,731,-1
548,549,-1
75,619,-1
952,638,-1
972,984,-1
882,485,-1
929,923,-1
197,790,-1
125,863,-1
251,455,-1
70,491,-1
129,901,-1
9,451,-1
944,335,-1
