715,279,1
972,714,1
583,476,1
390,140,1
357,152,1
252,130,1
580,694,1
864,706,1
141,999,1
829,901,1
728,909,1
454,568,1
515,96,1
964,505,1
43,497,1
336,628,1
471,821,1
665,869,1
616,760,1
22,21,1
707,77,1
126,689,1
313,557,1
595,855,1
288,234,1
279,884,1
928,545,1
728,642,1
151,468,1
461,722,1
715,520,1
75,591,1
43,832,1
542,211,1
813,44,1
37,752,-1
235,508,-1
908,210,-1
72,96,-1
767,269,-1
905,10,-1
645,892,-1
847,849,-1
960,903,-1
144,889,-1
129,152,-1
749,660,-1
508,416,-1
281,193,-1
178,606,-1
276,572,-1
254,489,-1
914,338,-1
468,883,-1
907,865,-1
490,492,-1
668,732,-1
925,615,-1
398,866,-1
562,266,-1
215,864,-1
983,489,-1
753,850,-1
503,470,-1
478,198,-1
86,327,-1
393,176,-1
7,566,-1
319,15,-1
534,401,-1
313,170,-1
513,20,-1
896,630,-1
316,944,-1
209,278,-1
264,485,-1
653,626,-1
627,609,-1
431,693,-1
633,852,-1
456,10,-1
542,96,-1
71,183,-1
387,317,-1
917,729,-1
561,405,-1
313,231,-1
792,979,-1
497,25,-1
588,910,-1
26,141,-1
820,212,-1
621,811,-1
883,646,-1
297,717,-1
466,696,-1
15,955,-1
64,911,-1
196,536,-1
25,137,-1
367,450,-1
738,199,-1
903,325,-1
282,420,-1
777,296,-1
999,219,-1
279,369,-1
381,303,-1
356,461,-1
155,424,-1
933,462,-1
166,656,-1
648,924,-1
418,557,-1
778,451,-1
655,322,-1
751,974,-1
87,302,-1
793,384,-1
967,413,-1
243,63,-1
348,843,-1
586,547,-1
190,949,-1
302,477,-1
695,595,-1
321,48,-1
369,822,-1
845,288,-1
771,253,-1
896,668,-1
253,55,-1
774,287,-1
564,28,-1
469,222,-1
454,330,-1
514,136,-1
588,109,-1
987,611,-1
149,32,-1
263,596,-1
77,973,-1
712,562,-1
332,169,-1
532,620,-1
548,24,-1
871,113,-1
775,788,-1
964,271,-1
569,670,-1
