168,762,1
534,574,1
299,424,1
607,622,1
725,201,1
287,761,1
628,219,1
102,49,1
875,46,1
545,590,1
31,945,1
972,51,1
319,86,1
942,769,1
506,63,1
760,421,1
885,415,1
873,298,1
764,548,1
904,149,1
588,420,1
138,935,1
34,339,1
838,19,1
56,718,1
680,115,1
81,923,1
855,349,1
823,410,1
661,871,1
26,87,1
148,96,1
187,82,1
868,79,1
527,767,-1
493,539,-1
584,0,-1
466,442,-1
75,245,-1
360,604,-1
263,804,-1
674,63,-1
433,75,-1
587,562,-1
47,647,-1
831,433,-1
730,850,-1
404,897,-1
124,207,-1
805,750,-1
679,224,-1
195,487,-1
772,296,-1
938,364,-1
51,955,-1
359,841,-1
550,491,-1
570,478,-1
892,622,-1
255,607,-1
323,800,-1
325,887,-1
88,784,-1
708,405,-1
302,939,-1
454,570,-1
351,482,-1
211,21,-1
121,746,-1
450,703,-1
592,211,-1
564,509,-1
238,348,-1
50,97,-1
132,8,-1
730,619,-1
207,88,-1
561,367,-1
807,651,-1
648,939,-1
434,709,-1
493,827,-1
271,135,-1
745,336,-1
493,361,-1
392,348,-1
759,207,-1
401,122,-1
918,657,-1
506,313,-1
585,290,-1
697,976,-1
366,560,-1
474,534,-1
446,19,-1
83,95,-1
96,913,-1
555,45,-1
800,840,-1
538,805,-1
498,9,-1
766,754,-1
808,487,-1
316,858,-1
649,36,-1
758,808,-1
997,358,-1
86,184,-1
454,392,-1
19,380,-1
466,885,-1
385,49,-1
324,51,-1
61,195,-1
454,79,-1
125,898,-1
485,278,-1
609,261,-1
914,133,-1
980,722,-1
474,357,-1
918,140,-1
299,220,-1
820,390,-1
741,625,-1
970,44,-1
968,517,-1
218,912,-1
483,709,-1
987,820,-1
736,888,-1
528,830,-1
635,339,-1
43,613,-1
477,153,-1
720,125,-1
424,548,-1
326,655,-1
714,725,-1
933,274,-1
59,790,-1
785,605,-1
655,270,-1
670,64,-1
461,965,-1
807,801,-1
831,358,-1
751,583,-1
406,497,-1
689,989,-1
