174,638,1
439,493,1
709,412,1
606,240,1
951,729,1
183,190,1
149,279,1
509,198,1
56,749,1
706,711,1
174,969,1
648,181,1
161,51,1
122,800,-1
897,515,-1
360,370,-1
599,371,-1
456,719,-1
818,610,-1
393,95,-1
58,953,-1
764,255,-1
871,562,-1
109,145,-1
823,977,-1
313,73,-1
872,187,-1
676,688,-1
946,460,-1
44,151,-1
294,114,-1
126,222,-1
564,534,-1
387,963,-1
0,190,-1
533,331,-1
713,56,-1
422,882,-1
486,743,-1
373,466,-1
30,439,-1
561,499,-1
322,240,-1
954,597,-1
343,478,-1
416,847,-1
680,804,-1
243,987,-1
426,59,-1
941,107,-1
