643,257,1
917,476,1
480,481,1
337,309,1
258,776,1
947,531,1
152,503,1
545,9,1
379,544,1
176,510,1
765,863,1
545,471,1
887,307,1
970,90,1
848,435,1
912,13,1
274,607,1
183,734,1
957,60,1
308,420,1
858,476,1
744,12,1
603,220,1
503,768,1
906,226,1
300,541,1
120,670,1
679,971,1
35,825,1
874,173,-1
664,242,-1
249,52,-1
952,786,-1
968,959,-1
256,2,-1
789,727,-1
659,483,-1
714,148,-1
875,62,-1
681,977,-1
650,22,-1
119,647,-1
422,441,-1
660,939,-1
940,544,-1
605,252,-1
423,604,-1
398,828,-1
504,912,-1
538,795,-1
474,363,-1
662,520,-1
834,788,-1
959,664,-1
316,974,-1
641,588,-1
858,100,-1
581,905,-1
872,26,-1
622,690,-1
609,60,-1
413,133,-1
618,212,-1
507,863,-1
830,489,-1
519,618,-1
171,337,-1
335,141,-1
805,44,-1
20,583,-1
862,860,-1
561,292,-1
405,893,-1
383,938,-1
718,200,-1
500,508,-1
540,26,-1
887,408,-1
566,148,-1
0,62,-1
704,172,-1
274,670,-1
372,657,-1
959,372,-1
677,32,-1
184,693,-1
952,598,-1
967,551,-1
165,828,-1
686,32,-1
113,344,-1
1,929,-1
853,380,-1
117,341,-1
747,207,-1
892,348,-1
996,779,-1
611,758,-1
731,489,-1
912,764,-1
511,17,-1
672,839,-1
843,964,-1
864,63,-1
223,297,-1
141,13,-1
421,973,-1
414,608,-1
560,728,-1
289,943,-1
497,695,-1
508,234,-1
754,696,-1
2,725,-1
156,198,-1
36,343,-1
684,924,-1
176,367,-1
827,622,-1
970,394,-1
182,907,-1
496,35,-1
484,213,-1
497,817,-1
277,72,-1
625,217,-1
824,34,-1
616,267,-1
295,601,-1
285,504,-1
160,473,-1
688,699,-1
9,900,-1
33,597,-1
495,221,-1
444,952,-1
728,94,-1
311,685,-1
267,967,-1
212,865,-1
368,149,-1
720,162,-1
76,762,-1
836,750,-1
44,426,-1
275,775,-1
912,734,-1
738,332,-1
178,502,-1
961,167,-1
