502,875,1
366,711,1
998,911,1
68,811,1
432,315,1
391,575,1
940,924,1
823,35,1
6,288,1
787,629,1
290,290,1
312,95,1
349,981,1
940,979,1
604,255,1
279,461,1
481,947,1
579,822,1
516,640,1
33,231,1
286,448,1
415,639,1
83,517,1
631,874,1
579,160,1
309,826,1
827,688,1
35,846,1
811,958,1
555,536,1
973,903,1
434,561,1
908,331,1
987,427,1
495,369,1
100,410,1
180,992,1
832,692,1
930,780,1
443,260,1
349,433,1
438,18,1
617,871,1
182,5,1
331,238,1
225,450,1
175,469,-1
196,85,-1
537,670,-1
579,476,-1
211,824,-1
919,819,-1
615,247,-1
348,183,-1
185,633,-1
398,908,-1
535,76,-1
584,877,-1
345,932,-1
554,85,-1
730,698,-1
904,809,-1
167,230,-1
895,850,-1
512,400,-1
75,901,-1
250,589,-1
444,727,-1
44,991,-1
703,161,-1
325,45,-1
824,936,-1
152,628,-1
183,475,-1
949,398,-1
112,45,-1
763,873,-1
189,42,-1
960,864,-1
201,880,-1
462,183,-1
550,230,-1
772,914,-1
494,265,-1
137,969,-1
855,269,-1
483,341,-1
195,939,-1
72,1,-1
851,287,-1
944,910,-1
257,208,-1
704,560,-1
400,665,-1
374,497,-1
927,161,-1
764,338,-1
583,576,-1
522,826,-1
745,266,-1
803,436,-1
448,506,-1
317,539,-1
391,156,-1
151,8,-1
92,759,-1
759,481,-1
224,612,-1
661,985,-1
356,428,-1
931,766,-1
891,298,-1
219,348,-1
481,519,-1
19,753,-1
923,143,-1
787,210,-1
123,688,-1
697,44,-1
741,521,-1
841,814,-1
989,440,-1
977,994,-1
895,176,-1
130,427,-1
946,917,-1
402,144,-1
21,11,-1
203,808,-1
954,548,-1
47,69,-1
784,924,-1
524,363,-1
349,605,-1
107,49,-1
745,829,-1
393,366,-1
844,490,-1
835,436,-1
622,735,-1
654,647,-1
636,92,-1
276,495,-1
911,690,-1
816,559,-1
260,638,-1
456,461,-1
474,211,-1
762,105,-1
566,77,-1
215,67,-1
39,490,-1
131,416,-1
413,33,-1
460,859,-1
847,68,-1
797,230,-1
648,607,-1
566,637,-1
678,763,-1
373,573,-1
710,862,-1
661,78,-1
44,876,-1
647,588,-1
721,400,-1
197,634,-1
169,380,-1
29,865,-1
282,520,-1
764,606,-1
190,865,-1
726,719,-1
738,406,-1
12,184,-1
646,181,-1
488,546,-1
106,44,-1
622,311,-1
884,276,-1
497,811,-1
486,274,-1
234,184,-1
529,661,-1
5,946,-1
847,121,-1
49,406,-1
332,965,-1
988,247,-1
687,645,-1
421,838,-1
969,479,-1
599,157,-1
661,400,-1
260,938,-1
475,246,-1
588,942,-1
233,68,-1
774,102,-1
888,717,-1
