144,454,1
972,561,1
390,792,1
907,883,1
490,466,1
668,15,1
398,196,1
215,738,1
983,471,1
7,999,1
37,264,-1
235,728,-1
908,653,-1
72,627,-1
767,431,-1
905,633,-1
715,456,-1
645,542,-1
847,71,-1
960,387,-1
129,917,-1
583,313,-1
749,515,-1
508,964,-1
281,497,-1
178,43,-1
276,588,-1
254,26,-1
357,820,-1
914,336,-1
468,621,-1
252,297,-1
925,64,-1
562,25,-1
580,367,-1
753,903,-1
503,282,-1
478,665,-1
864,616,-1
86,22,-1
141,777,-1
393,707,-1
319,126,-1
829,279,-1
534,381,-1
313,356,-1
513,155,-1
896,933,-1
316,313,-1
209,595,-1
