206,873,1
8,294,1
624,881,1
113,670,1
80,491,1
637,801,1
362,94,1
974,144,1
867,676,-1
701,691,-1
998,539,-1
118,799,-1
400,770,-1
73,324,-1
740,105,-1
743,979,-1
958,147,-1
411,274,-1
670,245,-1
720,135,-1
519,868,-1
204,364,-1
911,621,-1
437,190,-1
999,779,-1
27,835,-1
44,380,-1
205,449,-1
715,183,-1
65,387,-1
431,603,-1
542,78,-1
980,923,-1
86,925,-1
146,729,-1
254,853,-1
377,391,-1
649,528,-1
41,14,-1
446,986,-1
897,799,-1
210,265,-1
103,550,-1
144,815,-1
5,389,-1
826,418,-1
768,685,-1
976,699,-1
900,408,-1
110,397,-1
