37,166,1
905,279,1
715,655,1
645,751,1
668,774,1
580,514,1
141,75,1
319,532,1
534,548,1
313,871,1
513,775,1
728,508,1
653,210,1
627,96,1
71,849,1
561,714,1
964,416,1
792,140,1
43,606,1
621,883,1
282,470,1
22,327,1
126,15,1
155,20,1
933,630,1
235,648,-1
908,288,-1
72,418,-1
767,778,-1
847,87,-1
960,793,-1
144,967,-1
129,243,-1
972,348,-1
583,586,-1
749,190,-1
508,302,-1
390,928,-1
281,728,-1
178,151,-1
276,695,-1
254,321,-1
357,369,-1
914,845,-1
468,771,-1
907,896,-1
252,253,-1
490,461,-1
925,564,-1
398,469,-1
562,454,-1
215,588,-1
983,987,-1
753,149,-1
503,715,-1
478,263,-1
864,77,-1
86,712,-1
393,332,-1
7,43,-1
829,542,-1
896,813,-1
316,964,-1
209,569,-1
264,752,-1
431,269,-1
633,10,-1
456,279,-1
542,892,-1
387,903,-1
454,889,-1
917,152,-1
313,476,-1
515,660,-1
497,193,-1
588,572,-1
26,489,-1
820,152,-1
336,338,-1
883,865,-1
297,130,-1
466,492,-1
15,732,-1
64,615,-1
196,866,-1
25,266,-1
367,694,-1
738,864,-1
471,489,-1
903,850,-1
665,198,-1
616,706,-1
777,999,-1
707,176,-1
999,566,-1
279,901,-1
381,401,-1
356,170,-1
313,944,-1
595,278,-1
