659,744,1
875,176,1
681,827,1
119,496,1
480,603,1
398,616,1
538,285,1
474,688,1
959,503,1
641,728,1
858,267,1
622,368,1
171,120,1
545,738,1
176,961,1
405,257,1
383,786,1
500,2,1
952,939,1
545,912,1
970,776,1
731,100,1
912,905,1
141,337,1
421,9,1
560,141,1
289,44,1
874,308,-1
664,497,-1
249,508,-1
643,754,-1
952,2,-1
968,156,-1
256,36,-1
789,858,-1
714,684,-1
650,970,-1
917,182,-1
422,484,-1
660,497,-1
940,277,-1
605,625,-1
423,824,-1
504,295,-1
337,160,-1
662,9,-1
834,33,-1
258,495,-1
316,444,-1
947,311,-1
581,212,-1
872,906,-1
609,720,-1
413,76,-1
618,836,-1
152,300,-1
507,44,-1
830,275,-1
519,912,-1
379,679,-1
335,178,-1
805,35,-1
20,173,-1
862,242,-1
561,52,-1
718,959,-1
540,727,-1
887,483,-1
566,148,-1
0,62,-1
704,977,-1
274,22,-1
372,476,-1
959,647,-1
677,441,-1
184,481,-1
967,544,-1
165,252,-1
765,604,-1
686,828,-1
113,795,-1
1,309,-1
853,363,-1
117,520,-1
887,788,-1
747,664,-1
892,974,-1
996,588,-1
611,531,-1
511,26,-1
848,690,-1
672,60,-1
912,133,-1
274,212,-1
843,503,-1
183,863,-1
864,489,-1
223,618,-1
414,544,-1
957,510,-1
