37,485,1
908,626,1
767,693,1
905,852,1
645,96,1
960,317,1
144,568,1
281,25,1
252,717,1
925,911,1
983,821,1
141,296,1
534,303,1
653,234,1
456,322,1
542,974,1
454,413,1
561,843,1
515,949,1
297,55,1
367,136,1
738,109,1
665,596,1
381,24,1
166,475,1
190,755,1
928,100,1
728,740,1
321,451,1
469,79,1
454,575,1
987,416,1
77,728,1
712,738,1
775,145,1
569,465,1
889,48,1
193,342,1
489,275,1
999,942,1
176,566,1
15,583,1
901,508,1
20,143,1
235,909,-1
72,609,-1
715,10,-1
847,183,-1
129,729,-1
972,405,-1
583,231,-1
749,96,-1
508,505,-1
390,979,-1
178,497,-1
276,910,-1
254,141,-1
357,212,-1
914,628,-1
468,811,-1
907,646,-1
490,696,-1
668,955,-1
398,536,-1
562,137,-1
580,450,-1
215,199,-1
753,325,-1
503,420,-1
478,869,-1
864,760,-1
86,21,-1
393,77,-1
7,219,-1
319,689,-1
829,369,-1
313,461,-1
513,424,-1
896,462,-1
316,557,-1
209,855,-1
264,656,-1
728,924,-1
627,557,-1
431,451,-1
633,884,-1
71,302,-1
387,384,-1
917,63,-1
313,547,-1
964,477,-1
792,545,-1
497,642,-1
43,468,-1
588,595,-1
26,48,-1
820,822,-1
336,288,-1
621,253,-1
883,668,-1
466,722,-1
15,287,-1
64,28,-1
196,222,-1
25,330,-1
471,611,-1
903,32,-1
282,520,-1
616,973,-1
22,562,-1
777,591,-1
707,169,-1
999,832,-1
126,620,-1
279,211,-1
356,113,-1
155,788,-1
933,44,-1
313,271,-1
595,670,-1
648,910,-1
288,499,-1
418,787,-1
778,251,-1
279,666,-1
655,235,-1
751,86,-1
87,391,-1
793,739,-1
967,53,-1
243,431,-1
348,878,-1
586,444,-1
302,290,-1
151,800,-1
695,915,-1
369,792,-1
845,723,-1
771,229,-1
896,606,-1
253,166,-1
461,687,-1
774,231,-1
564,901,-1
514,881,-1
588,87,-1
149,810,-1
715,714,-1
263,706,-1
75,670,-1
332,657,-1
43,324,-1
532,832,-1
542,188,-1
548,500,-1
871,206,-1
813,167,-1
964,163,-1
752,668,-1
508,662,-1
210,806,-1
96,681,-1
269,458,-1
10,717,-1
279,326,-1
892,665,-1
849,230,-1
903,240,-1
152,690,-1
714,958,-1
476,300,-1
660,617,-1
416,182,-1
140,256,-1
606,503,-1
572,784,-1
152,777,-1
338,624,-1
883,732,-1
865,51,-1
130,879,-1
492,138,-1
732,123,-1
615,324,-1
866,407,-1
266,270,-1
694,703,-1
864,533,-1
489,174,-1
850,380,-1
470,131,-1
198,440,-1
706,856,-1
327,208,-1
566,975,-1
401,526,-1
170,717,-1
630,409,-1
944,821,-1
278,724,-1
