451,426,1
340,19,1
85,756,1
828,695,1
945,105,1
115,788,1
458,248,1
620,215,1
143,767,1
315,834,1
440,174,1
170,147,1
873,570,1
410,872,1
347,144,1
20,454,1
394,150,1
903,476,1
2,561,1
548,748,1
614,966,1
964,280,1
363,800,1
423,981,1
841,140,1
7,354,1
393,7,1
994,199,1
361,827,-1
133,304,-1
986,905,-1
136,528,-1
851,112,-1
360,206,-1
703,118,-1
48,761,-1
877,951,-1
667,98,-1
269,226,-1
905,664,-1
61,6,-1
349,412,-1
354,645,-1
530,659,-1
270,483,-1
102,75,-1
349,267,-1
777,220,-1
563,456,-1
964,951,-1
949,473,-1
821,910,-1
839,679,-1
827,911,-1
322,880,-1
870,381,-1
9,375,-1
741,380,-1
381,555,-1
494,527,-1
81,28,-1
875,611,-1
783,928,-1
476,169,-1
491,586,-1
575,161,-1
598,493,-1
31,962,-1
685,702,-1
533,519,-1
712,851,-1
988,776,-1
28,418,-1
735,809,-1
559,941,-1
832,716,-1
941,341,-1
422,419,-1
199,669,-1
991,797,-1
123,192,-1
376,560,-1
217,700,-1
956,184,-1
603,423,-1
293,865,-1
450,152,-1
466,463,-1
550,297,-1
310,14,-1
982,205,-1
634,572,-1
46,906,-1
873,642,-1
646,541,-1
351,990,-1
160,2,-1
994,895,-1
382,967,-1
742,54,-1
