950,659,1
918,306,1
125,497,1
577,403,1
296,290,1
762,144,1
241,996,1
760,682,1
274,982,1
720,332,1
49,463,1
360,22,1
717,981,1
182,469,1
355,739,1
842,225,1
144,536,1
261,465,1
290,226,1
108,599,1
247,296,1
46,596,1
413,136,1
382,434,-1
348,354,-1
638,573,-1
501,366,-1
56,169,-1
763,682,-1
534,688,-1
436,209,-1
571,224,-1
629,824,-1
347,624,-1
417,526,-1
733,203,-1
988,669,-1
896,967,-1
956,859,-1
238,928,-1
187,722,-1
472,420,-1
970,987,-1
952,64,-1
477,897,-1
830,870,-1
234,876,-1
892,599,-1
632,374,-1
12,161,-1
214,722,-1
696,469,-1
129,864,-1
952,656,-1
739,953,-1
395,853,-1
933,467,-1
275,727,-1
486,253,-1
631,752,-1
137,350,-1
312,510,-1
959,395,-1
653,809,-1
443,66,-1
58,102,-1
417,204,-1
733,48,-1
492,944,-1
575,786,-1
790,885,-1
434,266,-1
296,243,-1
772,22,-1
245,797,-1
52,190,-1
186,513,-1
640,326,-1
440,472,-1
388,358,-1
751,808,-1
536,135,-1
403,938,-1
926,0,-1
552,685,-1
388,33,-1
507,623,-1
328,698,-1
960,291,-1
1,470,-1
219,656,-1
371,573,-1
205,932,-1
455,226,-1
626,555,-1
399,696,-1
240,625,-1
500,274,-1
230,714,-1
962,43,-1
