986,962,1
136,454,1
360,519,1
945,150,1
458,476,1
269,419,1
143,748,1
354,560,1
315,700,1
81,967,1
783,199,1
712,849,1
735,819,1
2,808,1
422,447,1
199,452,1
603,354,1
450,378,1
310,867,1
873,460,1
646,842,1
7,982,1
905,738,1
248,417,1
226,744,1
645,277,1
659,968,1
75,86,1
267,128,1
381,339,1
451,144,-1
340,586,-1
361,161,-1
133,493,-1
851,702,-1
703,851,-1
48,776,-1
877,418,-1
85,809,-1
828,941,-1
115,716,-1
667,341,-1
620,561,-1
905,669,-1
61,797,-1
349,192,-1
530,184,-1
270,966,-1
102,423,-1
349,280,-1
440,865,-1
777,800,-1
563,152,-1
964,463,-1
949,297,-1
821,14,-1
839,205,-1
827,981,-1
170,572,-1
873,906,-1
410,642,-1
322,541,-1
870,990,-1
9,2,-1
741,140,-1
381,895,-1
494,354,-1
875,7,-1
476,54,-1
347,829,-1
491,10,-1
575,624,-1
598,636,-1
31,803,-1
20,434,-1
685,271,-1
533,948,-1
988,357,-1
28,326,-1
559,403,-1
394,432,-1
832,252,-1
903,324,-1
941,758,-1
991,214,-1
548,121,-1
123,744,-1
376,117,-1
217,123,-1
956,172,-1
614,560,-1
964,835,-1
293,362,-1
363,613,-1
466,285,-1
550,970,-1
982,174,-1
423,985,-1
634,6,-1
46,474,-1
351,954,-1
160,924,-1
841,178,-1
994,396,-1
382,795,-1
393,977,-1
994,849,-1
742,457,-1
426,275,-1
19,559,-1
827,220,-1
304,480,-1
528,792,-1
112,448,-1
206,209,-1
118,885,-1
761,684,-1
951,435,-1
756,482,-1
695,551,-1
105,588,-1
788,597,-1
98,321,-1
215,198,-1
664,569,-1
6,748,-1
767,216,-1
412,416,-1
834,676,-1
483,657,-1
174,902,-1
220,497,-1
456,660,-1
951,261,-1
473,359,-1
910,941,-1
679,769,-1
911,721,-1
147,270,-1
570,628,-1
872,673,-1
880,82,-1
375,38,-1
380,399,-1
555,787,-1
527,142,-1
28,299,-1
611,123,-1
928,563,-1
169,887,-1
