451,829,1
340,10,1
360,948,1
949,970,1
170,6,1
410,460,1
870,954,1
81,795,1
347,275,1
575,220,1
31,738,1
20,792,1
685,448,1
28,435,1
903,417,1
422,744,1
991,748,1
603,86,1
293,902,1
450,660,1
982,769,1
646,82,1
160,38,1
994,787,1
7,142,1
112,112,1
118,171,1
248,630,1
226,466,1
645,77,1
75,62,1
174,21,1
220,489,1
456,42,1
951,405,1
910,730,1
679,715,1
570,212,1
381,113,1
519,291,1
561,187,1
669,931,1
748,137,1
184,357,1
280,75,1
800,110,1
906,337,1
990,960,1
2,406,1
199,452,1
361,624,-1
133,636,-1
986,803,-1
136,434,-1
851,271,-1
703,849,-1
48,357,-1
877,326,-1
85,819,-1
828,403,-1
945,432,-1
115,252,-1
458,324,-1
667,758,-1
620,808,-1
269,447,-1
905,452,-1
61,214,-1
143,121,-1
349,744,-1
354,117,-1
315,123,-1
530,172,-1
270,560,-1
102,354,-1
349,835,-1
440,362,-1
777,613,-1
563,378,-1
964,285,-1
821,867,-1
839,174,-1
827,985,-1
873,474,-1
322,842,-1
9,924,-1
741,178,-1
381,396,-1
494,982,-1
875,977,-1
783,849,-1
476,457,-1
491,559,-1
598,480,-1
533,209,-1
712,885,-1
988,684,-1
735,482,-1
559,551,-1
394,588,-1
832,597,-1
941,321,-1
2,198,-1
199,569,-1
548,216,-1
123,416,-1
376,277,-1
217,676,-1
956,968,-1
614,657,-1
964,128,-1
363,497,-1
466,261,-1
550,359,-1
310,941,-1
423,721,-1
634,270,-1
46,628,-1
873,673,-1
351,339,-1
841,399,-1
382,299,-1
393,123,-1
994,563,-1
742,887,-1
426,212,-1
19,618,-1
827,42,-1
304,336,-1
905,980,-1
528,343,-1
206,262,-1
761,425,-1
951,23,-1
756,648,-1
695,817,-1
105,748,-1
788,454,-1
98,986,-1
215,892,-1
664,717,-1
6,385,-1
767,229,-1
412,139,-1
834,388,-1
659,980,-1
483,26,-1
267,237,-1
473,268,-1
911,241,-1
147,998,-1
872,839,-1
880,242,-1
375,924,-1
380,991,-1
555,690,-1
527,816,-1
28,605,-1
611,915,-1
928,927,-1
169,513,-1
144,132,-1
586,29,-1
161,699,-1
493,386,-1
962,94,-1
454,713,-1
702,733,-1
851,301,-1
776,572,-1
418,34,-1
809,484,-1
941,701,-1
150,672,-1
716,88,-1
476,362,-1
341,564,-1
419,356,-1
797,721,-1
192,88,-1
560,705,-1
700,569,-1
966,774,-1
423,650,-1
865,683,-1
152,514,-1
463,602,-1
297,636,-1
14,929,-1
205,102,-1
981,98,-1
572,316,-1
642,396,-1
541,115,-1
140,594,-1
895,582,-1
354,356,-1
967,761,-1
7,981,-1
54,269,-1
