365,611,1
335,120,1
264,125,1
31,102,1
197,839,1
485,104,1
62,805,1
592,814,1
127,940,1
322,184,1
147,677,1
901,370,1
306,793,1
846,677,1
234,272,1
835,479,1
907,268,1
129,817,1
931,526,1
553,94,1
124,706,1
554,546,1
831,831,1
322,703,1
233,58,1
458,425,1
762,220,1
404,29,1
358,258,1
802,149,1
972,671,1
769,699,1
603,899,1
469,886,1
991,47,1
77,768,1
632,174,1
406,938,1
807,940,1
619,775,1
485,638,1
474,133,1
863,842,1
906,295,-1
713,355,-1
227,938,-1
980,773,-1
618,57,-1
362,352,-1
848,791,-1
318,380,-1
281,599,-1
513,45,-1
75,415,-1
333,144,-1
697,483,-1
26,965,-1
495,547,-1
161,749,-1
748,770,-1
622,867,-1
324,270,-1
929,532,-1
130,541,-1
204,697,-1
980,896,-1
987,456,-1
450,702,-1
901,611,-1
637,18,-1
410,97,-1
527,726,-1
473,968,-1
342,600,-1
626,969,-1
939,672,-1
485,246,-1
433,656,-1
644,369,-1
194,89,-1
319,685,-1
597,713,-1
636,828,-1
284,641,-1
555,108,-1
57,449,-1
538,537,-1
119,475,-1
808,982,-1
965,980,-1
326,970,-1
730,68,-1
63,738,-1
778,950,-1
341,194,-1
82,559,-1
918,380,-1
123,922,-1
873,754,-1
536,320,-1
944,347,-1
42,898,-1
963,258,-1
903,981,-1
548,64,-1
75,295,-1
952,236,-1
545,779,-1
972,598,-1
882,294,-1
68,170,-1
929,912,-1
783,9,-1
197,149,-1
303,285,-1
125,254,-1
917,996,-1
251,191,-1
70,991,-1
129,698,-1
9,24,-1
944,731,-1
101,788,-1
552,99,-1
77,297,-1
585,62,-1
193,36,-1
978,494,-1
665,688,-1
149,639,-1
460,389,-1
746,538,-1
580,423,-1
157,726,-1
654,737,-1
790,353,-1
3,503,-1
673,801,-1
36,38,-1
920,536,-1
60,417,-1
206,453,-1
698,397,-1
466,338,-1
879,139,-1
633,852,-1
710,746,-1
924,186,-1
306,104,-1
965,807,-1
623,417,-1
475,67,-1
284,180,-1
567,614,-1
494,964,-1
814,21,-1
604,262,-1
974,776,-1
213,693,-1
575,233,-1
876,925,-1
172,23,-1
657,352,-1
519,564,-1
740,572,-1
946,34,-1
216,391,-1
424,662,-1
39,485,-1
848,78,-1
234,637,-1
76,664,-1
301,413,-1
684,892,-1
120,680,-1
847,746,-1
313,954,-1
978,920,-1
928,198,-1
204,353,-1
750,110,-1
942,5,-1
151,779,-1
688,907,-1
731,370,-1
549,1,-1
638,391,-1
289,608,-1
984,709,-1
937,637,-1
923,703,-1
790,392,-1
563,941,-1
327,3,-1
455,932,-1
491,167,-1
901,873,-1
451,706,-1
840,250,-1
335,554,-1
