867,702,1
206,491,1
400,130,1
73,898,1
411,727,1
720,919,1
204,598,1
437,920,1
715,320,1
431,407,1
980,889,1
254,91,1
649,114,1
446,69,1
103,914,1
144,290,1
5,589,1
768,882,1
979,808,1
881,335,1
135,884,1
621,154,1
190,597,1
380,229,1
449,401,1
603,192,1
78,412,1
923,904,1
801,142,1
94,410,1
418,771,1
699,899,1
397,2,1
172,192,1
474,291,1
44,846,1
638,765,1
901,986,1
918,566,1
225,864,1
547,229,1
879,67,1
177,17,1
584,752,1
507,307,1
751,61,1
22,25,1
826,137,1
860,671,1
243,80,1
276,508,1
63,558,1
270,301,1
378,83,1
569,435,1
712,846,1
655,81,1
701,171,-1
998,100,-1
118,768,-1
8,497,-1
740,987,-1
743,705,-1
958,685,-1
624,255,-1
670,257,-1
519,690,-1
911,531,-1
113,566,-1
999,704,-1
80,77,-1
27,585,-1
44,897,-1
205,265,-1
65,616,-1
542,167,-1
86,708,-1
637,751,-1
146,465,-1
377,548,-1
362,865,-1
41,87,-1
897,252,-1
210,932,-1
974,30,-1
826,609,-1
976,803,-1
900,29,-1
110,769,-1
676,82,-1
873,20,-1
691,233,-1
539,640,-1
799,625,-1
770,930,-1
324,206,-1
294,435,-1
105,414,-1
147,74,-1
274,453,-1
245,181,-1
868,403,-1
364,430,-1
670,761,-1
779,217,-1
491,758,-1
835,569,-1
183,862,-1
387,113,-1
925,893,-1
729,192,-1
853,287,-1
391,173,-1
528,645,-1
14,937,-1
986,211,-1
799,284,-1
265,459,-1
550,547,-1
815,496,-1
144,979,-1
389,951,-1
685,535,-1
408,95,-1
374,566,-1
235,989,-1
744,678,-1
31,402,-1
32,367,-1
332,967,-1
901,931,-1
398,380,-1
175,375,-1
94,549,-1
850,1,-1
896,414,-1
999,91,-1
135,671,-1
214,605,-1
528,902,-1
64,251,-1
264,263,-1
677,393,-1
94,263,-1
459,473,-1
745,487,-1
180,415,-1
837,102,-1
722,14,-1
700,516,-1
859,618,-1
29,725,-1
216,202,-1
632,836,-1
476,112,-1
719,721,-1
838,380,-1
276,719,-1
511,471,-1
672,523,-1
210,158,-1
13,922,-1
220,904,-1
146,340,-1
308,180,-1
337,74,-1
979,238,-1
372,758,-1
979,551,-1
945,617,-1
260,827,-1
82,790,-1
36,314,-1
169,428,-1
160,911,-1
778,231,-1
543,527,-1
271,607,-1
892,333,-1
534,209,-1
70,227,-1
393,185,-1
606,19,-1
706,92,-1
659,725,-1
960,113,-1
520,784,-1
136,864,-1
633,410,-1
455,94,-1
780,670,-1
660,221,-1
827,114,-1
202,910,-1
982,738,-1
200,776,-1
672,185,-1
110,168,-1
453,827,-1
547,570,-1
