559,226,1
723,840,1
754,450,1
804,248,1
472,829,1
486,749,1
551,139,1
849,621,1
976,25,1
709,956,1
847,889,1
850,445,1
697,839,1
675,438,1
510,207,1
459,779,1
28,349,1
53,216,1
273,771,1
57,616,1
870,138,1
82,668,1
611,539,1
633,663,1
84,307,1
964,541,1
639,547,1
143,899,1
719,771,1
909,799,1
853,394,1
305,429,1
95,865,1
606,802,1
881,88,1
292,645,1
861,36,1
554,290,1
368,894,1
917,254,1
383,446,1
512,136,1
906,189,1
699,347,1
931,537,1
734,323,1
739,798,1
58,340,1
705,509,1
770,765,1
307,322,1
80,623,1
515,93,1
684,94,-1
629,875,-1
192,269,-1
835,880,-1
763,296,-1
707,328,-1
359,19,-1
9,607,-1
277,410,-1
599,180,-1
70,323,-1
600,782,-1
396,864,-1
314,260,-1
705,963,-1
87,598,-1
174,461,-1
600,889,-1
677,843,-1
537,696,-1
845,528,-1
72,152,-1
777,925,-1
916,149,-1
115,110,-1
755,464,-1
431,886,-1
448,117,-1
99,595,-1
984,673,-1
177,872,-1
755,928,-1
797,228,-1
659,507,-1
147,763,-1
910,121,-1
423,326,-1
288,469,-1
961,287,-1
265,525,-1
639,696,-1
544,152,-1
543,591,-1
714,41,-1
244,274,-1
151,552,-1
882,166,-1
183,111,-1
802,129,-1
128,735,-1
128,886,-1
932,812,-1
901,381,-1
550,24,-1
488,67,-1
756,978,-1
335,234,-1
388,716,-1
617,998,-1
42,291,-1
442,726,-1
543,701,-1
888,709,-1
257,727,-1
321,555,-1
999,32,-1
937,11,-1
291,212,-1
119,694,-1
779,421,-1
430,637,-1
91,623,-1
896,488,-1
398,770,-1
565,979,-1
908,217,-1
938,821,-1
203,174,-1
324,148,-1
774,949,-1
47,579,-1
131,807,-1
972,393,-1
868,73,-1
180,297,-1
846,919,-1
660,814,-1
227,730,-1
954,946,-1
791,876,-1
373,777,-1
560,539,-1
581,199,-1
169,423,-1
675,61,-1
448,341,-1
197,44,-1
256,930,-1
690,33,-1
930,232,-1
816,767,-1
387,768,-1
610,459,-1
973,197,-1
999,949,-1
201,80,-1
370,129,-1
555,209,-1
954,368,-1
383,291,-1
23,376,-1
130,168,-1
377,884,-1
98,804,-1
574,176,-1
123,871,-1
963,508,-1
594,803,-1
942,114,-1
148,29,-1
209,753,-1
562,289,-1
411,146,-1
782,273,-1
41,221,-1
36,514,-1
778,69,-1
86,357,-1
43,908,-1
872,556,-1
11,885,-1
32,91,-1
182,341,-1
128,423,-1
806,551,-1
275,971,-1
174,662,-1
554,414,-1
371,657,-1
184,710,-1
444,967,-1
488,274,-1
589,860,-1
286,43,-1
280,83,-1
637,433,-1
770,809,-1
