175,44,1
185,29,1
535,832,1
584,764,1
366,726,1
730,12,1
68,443,1
823,234,1
787,847,1
703,332,1
325,617,1
824,988,1
152,182,1
763,599,1
189,661,1
855,85,1
483,670,1
195,875,1
374,908,1
927,76,1
349,877,1
448,315,1
391,575,1
151,924,1
759,901,1
19,628,1
286,864,1
841,880,1
989,183,1
977,230,1
895,914,1
946,341,1
402,939,1
203,208,1
524,161,1
349,981,1
745,255,1
844,576,1
835,461,1
622,826,1
636,436,1
276,506,1
762,947,1
566,822,1
215,348,1
973,519,1
908,231,1
847,448,1
373,994,1
196,987,-1
537,647,-1
502,721,-1
579,495,-1
211,197,-1
919,100,-1
615,180,-1
348,169,-1
398,282,-1
345,190,-1
554,738,-1
904,646,-1
167,488,-1
998,930,-1
432,106,-1
895,622,-1
391,884,-1
940,497,-1
512,349,-1
75,486,-1
250,529,-1
6,5,-1
444,49,-1
44,438,-1
183,687,-1
949,421,-1
112,969,-1
960,260,-1
290,475,-1
312,588,-1
201,233,-1
462,331,-1
550,774,-1
772,888,-1
494,225,-1
137,469,-1
72,476,-1
851,824,-1
944,819,-1
257,247,-1
704,183,-1
400,633,-1
940,932,-1
604,711,-1
764,85,-1
583,698,-1
279,809,-1
522,230,-1
745,911,-1
803,811,-1
317,850,-1
92,400,-1
224,35,-1
661,589,-1
356,288,-1
931,629,-1
481,727,-1
579,991,-1
891,161,-1
219,45,-1
481,936,-1
923,475,-1
516,398,-1
787,45,-1
33,873,-1
123,42,-1
697,290,-1
741,95,-1
415,265,-1
130,969,-1
83,269,-1
21,1,-1
631,287,-1
579,910,-1
954,560,-1
47,665,-1
784,497,-1
107,979,-1
393,338,-1
654,266,-1
309,539,-1
911,156,-1
827,8,-1
35,759,-1
816,481,-1
260,612,-1
811,985,-1
456,428,-1
474,766,-1
555,298,-1
434,753,-1
39,143,-1
131,640,-1
413,210,-1
460,688,-1
797,44,-1
648,521,-1
566,814,-1
678,440,-1
710,176,-1
661,639,-1
