643,405,1
789,540,1
875,0,1
681,704,1
650,274,1
119,959,1
538,113,1
258,970,1
609,672,1
545,421,1
874,20,-1
664,862,-1
249,561,-1
952,383,-1
968,718,-1
256,500,-1
659,887,-1
714,566,-1
917,372,-1
422,677,-1
480,184,-1
660,952,-1
940,967,-1
605,165,-1
423,765,-1
398,686,-1
504,545,-1
337,1,-1
474,853,-1
662,117,-1
834,887,-1
959,747,-1
316,892,-1
641,996,-1
947,611,-1
858,731,-1
581,912,-1
872,511,-1
622,848,-1
413,912,-1
618,274,-1
152,843,-1
507,183,-1
830,864,-1
519,223,-1
171,141,-1
379,414,-1
335,560,-1
176,957,-1
805,289,-1
