122,156,1
606,29,1
44,227,1
126,284,1
387,460,1
0,912,1
183,947,1
149,460,1
422,296,1
648,795,1
954,589,1
343,817,1
243,771,1
161,754,1
515,977,1
370,121,1
953,690,1
187,876,1
114,258,1
190,789,1
882,713,1
743,217,1
466,556,1
181,821,1
847,450,1
505,560,1
840,407,1
893,485,1
566,846,1
388,745,1
264,132,1
543,185,1
708,369,1
958,639,1
552,223,1
662,894,1
510,351,1
865,915,1
828,775,1
527,935,1
638,807,1
959,887,1
591,613,1
609,924,1
686,603,1
888,323,1
49,719,1
833,727,1
842,847,1
208,697,1
487,186,1
259,360,1
610,553,1
151,302,1
873,606,1
174,971,-1
439,627,-1
709,448,-1
897,421,-1
360,32,-1
599,281,-1
456,805,-1
818,487,-1
393,5,-1
58,457,-1
764,842,-1
871,920,-1
109,498,-1
823,989,-1
951,548,-1
313,445,-1
872,2,-1
676,915,-1
946,720,-1
294,22,-1
564,761,-1
533,972,-1
713,667,-1
509,806,-1
486,639,-1
56,335,-1
706,218,-1
174,435,-1
373,318,-1
30,647,-1
561,499,-1
322,729,-1
416,516,-1
680,360,-1
426,396,-1
941,992,-1
800,500,-1
638,26,-1
493,494,-1
412,454,-1
371,240,-1
719,569,-1
610,931,-1
95,81,-1
255,143,-1
562,207,-1
145,255,-1
240,547,-1
977,418,-1
729,377,-1
73,540,-1
688,844,-1
460,602,-1
151,309,-1
222,23,-1
534,335,-1
963,233,-1
190,118,-1
331,366,-1
279,37,-1
56,218,-1
198,111,-1
749,246,-1
711,264,-1
969,958,-1
439,797,-1
499,747,-1
240,148,-1
597,116,-1
478,54,-1
804,466,-1
987,833,-1
59,403,-1
107,951,-1
51,607,-1
264,660,-1
165,373,-1
443,19,-1
250,296,-1
487,234,-1
352,845,-1
670,764,-1
54,689,-1
587,549,-1
484,531,-1
808,911,-1
913,894,-1
78,933,-1
9,542,-1
125,182,-1
565,182,-1
626,797,-1
699,720,-1
131,805,-1
772,797,-1
935,514,-1
54,284,-1
966,480,-1
252,581,-1
736,488,-1
579,5,-1
491,199,-1
693,648,-1
748,938,-1
746,41,-1
785,313,-1
27,400,-1
171,367,-1
86,816,-1
639,532,-1
653,327,-1
0,843,-1
394,500,-1
360,529,-1
119,835,-1
501,688,-1
391,204,-1
742,827,-1
488,414,-1
315,833,-1
308,415,-1
52,510,-1
448,453,-1
727,883,-1
938,217,-1
927,796,-1
764,528,-1
291,137,-1
414,622,-1
899,854,-1
598,369,-1
375,679,-1
660,795,-1
7,438,-1
691,366,-1
10,355,-1
553,346,-1
470,506,-1
502,583,-1
655,130,-1
297,647,-1
586,843,-1
870,561,-1
519,386,-1
564,329,-1
