122,264,1
58,670,1
606,264,1
951,543,1
872,913,1
676,78,1
44,125,1
126,708,1
533,772,1
713,54,1
56,736,1
343,27,1
515,119,1
371,638,1
145,308,1
73,609,1
688,938,1
114,927,1
222,764,1
190,899,1
198,208,1
743,7,1
749,691,1
711,10,1
439,470,1
181,502,1
804,151,1
59,519,1
174,505,-1
439,165,-1
709,840,-1
897,443,-1
360,250,-1
599,893,-1
456,566,-1
818,487,-1
393,352,-1
764,388,-1
871,54,-1
109,587,-1
823,484,-1
313,808,-1
946,9,-1
294,565,-1
564,958,-1
387,626,-1
0,699,-1
183,131,-1
149,935,-1
422,966,-1
509,552,-1
486,252,-1
706,579,-1
174,491,-1
373,693,-1
30,662,-1
648,748,-1
561,510,-1
322,746,-1
954,785,-1
416,865,-1
680,828,-1
243,171,-1
426,86,-1
941,639,-1
161,527,-1
800,653,-1
638,0,-1
493,394,-1
412,360,-1
370,501,-1
719,391,-1
610,959,-1
95,742,-1
953,591,-1
255,488,-1
562,315,-1
240,52,-1
977,448,-1
729,727,-1
187,686,-1
460,888,-1
151,49,-1
534,291,-1
963,414,-1
190,833,-1
331,598,-1
279,375,-1
56,842,-1
882,660,-1
969,487,-1
466,553,-1
499,655,-1
240,297,-1
597,259,-1
478,586,-1
847,610,-1
987,870,-1
107,873,-1
51,564,-1
