361,91,1
136,363,1
339,38,1
365,361,1
269,382,1
393,393,1
61,230,1
270,112,1
102,206,1
349,118,1
51,244,1
361,98,1
358,226,1
31,220,1
200,147,1
28,58,1
223,360,1
391,380,1
340,102,-1
133,293,-1
360,310,-1
191,122,-1
48,46,-1
85,134,-1
316,351,-1
115,160,-1
155,329,-1
108,7,-1
143,19,-1
349,315,-1
354,304,-1
315,393,-1
18,16,-1
265,249,-1
309,183,-1
327,105,-1
315,276,-1
170,248,-1
322,215,-1
9,152,-1
229,6,-1
381,255,-1
81,133,-1
363,322,-1
271,147,-1
347,75,-1
63,267,-1
86,174,-1
20,398,-1
173,167,-1
21,399,-1
47,368,-1
394,381,-1
320,375,-1
2,43,-1
199,15,-1
36,28,-1
123,99,-1
376,169,-1
217,144,-1
