72,196,1
255,25,1
395,83,1
68,279,1
215,143,1
352,87,1
393,348,1
319,190,1
317,302,1
384,321,1
209,333,1
216,384,1
121,52,1
387,149,1
76,332,1
37,297,-1
235,15,-1
396,64,-1
393,367,-1
203,226,-1
133,391,-1
335,282,-1
144,153,-1
129,104,-1
71,22,-1
237,265,-1
390,195,-1
281,126,-1
178,279,-1
276,381,-1
254,356,-1
357,155,-1
402,313,-1
252,166,-1
156,136,-1
398,288,-1
50,266,-1
241,239,-1
86,281,-1
141,243,-1
7,74,-1
22,216,-1
313,151,-1
1,183,-1
316,369,-1
264,259,-1
141,253,-1
115,262,-1
30,2,-1
71,76,-1
49,203,-1
313,263,-1
3,77,-1
280,200,-1
43,75,-1
26,43,-1
308,20,-1
336,30,-1
109,36,-1
371,359,-1
