37,83,1
396,136,1
255,266,1
393,279,1
203,143,1
237,74,1
276,151,1
357,321,1
252,259,1
398,253,1
68,52,1
215,2,1
393,77,1
7,200,1
22,43,1
384,36,1
115,210,1
121,96,1
71,10,1
336,193,1
109,94,1
15,338,1
64,371,1
104,352,1
279,176,1
381,54,1
235,166,-1
72,288,-1
133,239,-1
335,87,-1
144,281,-1
129,243,-1
71,348,-1
390,190,-1
281,302,-1
178,216,-1
254,183,-1
402,369,-1
395,333,-1
156,384,-1
50,262,-1
241,76,-1
352,149,-1
86,203,-1
141,263,-1
319,75,-1
317,332,-1
313,20,-1
1,30,-1
316,359,-1
209,263,-1
264,301,-1
216,57,-1
141,240,-1
30,269,-1
387,279,-1
49,380,-1
313,337,-1
3,391,-1
280,377,-1
43,152,-1
76,202,-1
26,148,-1
308,140,-1
371,60,-1
297,152,-1
196,353,-1
25,130,-1
367,220,-1
226,103,-1
391,354,-1
282,266,-1
153,182,-1
22,338,-1
265,198,-1
195,194,-1
126,327,-1
356,15,-1
155,389,-1
313,401,-1
