174,381,1
360,158,1
87,388,1
252,31,1
164,196,1
183,252,1
174,234,1
322,171,1
168,127,1
161,141,1
3,360,1
98,230,1
95,79,1
255,315,1
240,215,1
217,97,1
73,174,1
187,376,1
151,252,1
279,148,1
370,7,1
237,41,1
240,259,1
292,151,1
51,361,1
122,250,-1
197,54,-1
385,352,-1
306,54,-1
393,75,-1
58,264,-1
359,296,-1
109,401,-1
94,78,-1
311,9,-1
313,125,-1
360,53,-1
44,114,-1
294,187,-1
126,131,-1
52,260,-1
387,54,-1
0,40,-1
21,224,-1
149,67,-1
201,181,-1
56,150,-1
194,236,-1
373,273,-1
30,27,-1
136,353,-1
49,316,-1
343,86,-1
243,15,-1
288,0,-1
126,394,-1
370,119,-1
371,126,-1
207,391,-1
50,308,-1
145,52,-1
176,49,-1
114,291,-1
222,321,-1
22,387,-1
190,86,-1
190,375,-1
331,330,-1
56,208,-1
198,179,-1
231,10,-1
199,143,-1
181,297,-1
85,74,-1
335,98,-1
59,358,-1
107,7,-1
264,52,-1
165,156,-1
328,115,-1
