355,323,1
8,289,1
228,217,1
231,341,1
205,173,1
146,31,1
41,398,1
5,135,1
164,44,1
179,165,1
294,325,1
105,210,1
274,347,1
364,207,1
109,326,1
206,380,-1
189,183,-1
118,387,-1
400,91,-1
73,78,-1
112,391,-1
158,16,-1
208,94,-1
7,14,-1
204,287,-1
399,265,-1
113,38,-1
80,303,-1
27,144,-1
44,389,-1
203,187,-1
65,397,-1
30,374,-1
86,235,-1
125,232,-1
254,32,-1
377,332,-1
137,172,-1
362,389,-1
385,175,-1
210,94,-1
103,338,-1
144,384,-1
314,214,-1
256,16,-1
388,64,-1
110,264,-1
361,126,-1
27,94,-1
287,389,-1
258,233,-1
324,180,-1
147,188,-1
369,29,-1
245,216,-1
135,120,-1
356,225,-1
158,35,-1
190,367,-1
267,276,-1
