174,331,1
197,279,1
359,240,1
94,335,1
360,107,1
126,328,1
183,352,1
21,158,1
201,54,1
194,264,1
30,401,1
161,187,1
126,260,1
3,54,1
98,67,1
255,150,1
50,236,1
73,353,1
22,141,1
122,190,-1
385,56,-1
360,370,-1
87,198,-1
306,231,-1
393,237,-1
58,199,-1
252,181,-1
109,85,-1
311,292,-1
313,59,-1
164,51,-1
44,264,-1
294,165,-1
52,250,-1
387,381,-1
0,54,-1
149,388,-1
56,75,-1
174,31,-1
373,296,-1
136,78,-1
49,9,-1
322,125,-1
343,53,-1
168,196,-1
243,114,-1
288,131,-1
370,40,-1
371,252,-1
207,224,-1
95,181,-1
145,234,-1
240,273,-1
217,27,-1
187,316,-1
176,171,-1
151,86,-1
114,127,-1
222,15,-1
190,0,-1
