56,108,1
251,371,1
22,114,1
250,46,1
248,354,1
318,176,1
380,224,1
12,144,1
129,14,1
227,203,1
49,364,1
63,341,1
355,332,1
52,395,1
144,102,1
261,274,1
24,373,1
388,243,1
382,1,-1
348,290,-1
126,219,-1
125,205,-1
65,247,-1
59,399,-1
296,240,-1
241,230,-1
117,61,-1
347,366,-1
221,147,-1
384,169,-1
238,170,-1
187,306,-1
234,209,-1
120,290,-1
274,170,-1
214,312,-1
184,112,-1
395,157,-1
275,347,-1
119,210,-1
137,64,-1
208,385,-1
312,358,-1
360,87,-1
141,374,-1
58,161,-1
205,210,-1
221,352,-1
182,144,-1
278,215,-1
296,253,-1
260,240,-1
245,350,-1
186,22,-1
128,297,-1
330,66,-1
388,204,-1
239,48,-1
40,266,-1
328,22,-1
