25,119,1
67,67,1
366,332,1
392,142,1
167,124,1
68,276,1
325,215,1
183,396,1
112,335,1
251,285,1
290,54,1
260,149,1
247,17,1
149,335,1
4,87,1
33,260,1
229,262,1
383,225,1
175,402,-1
196,21,-1
211,203,-1
103,47,-1
348,272,-1
185,12,-1
398,349,-1
23,107,-1
72,233,-1
345,393,-1
42,323,-1
218,110,-1
383,309,-1
391,399,-1
0,315,-1
75,35,-1
311,304,-1
250,260,-1
6,299,-1
275,250,-1
44,54,-1
191,43,-1
312,39,-1
152,131,-1
189,136,-1
312,166,-1
201,373,-1
38,198,-1
137,44,-1
343,135,-1
195,209,-1
72,197,-1
339,100,-1
257,180,-1
192,169,-1
400,29,-1
374,282,-1
349,320,-1
92,252,-1
252,190,-1
71,214,-1
279,226,-1
10,12,-1
233,134,-1
291,106,-1
317,110,-1
391,372,-1
151,349,-1
92,234,-1
224,5,-1
356,49,-1
67,332,-1
379,105,-1
219,182,-1
19,175,-1
275,149,-1
123,76,-1
286,233,-1
185,331,-1
329,376,-1
130,85,-1
83,158,-1
