318,68,1
75,303,1
333,125,1
161,129,1
264,42,1
130,40,1
322,161,1
57,358,1
296,290,1
323,63,1
394,361,-1
201,24,-1
227,42,-1
106,391,-1
365,36,-1
335,75,-1
362,33,-1
336,370,-1
281,271,-1
1,197,-1
185,251,-1
26,70,-1
236,9,-1
110,124,-1
324,101,-1
204,77,-1
31,73,-1
389,193,-1
125,319,-1
15,322,-1
342,153,-1
114,149,-1
197,234,-1
132,68,-1
62,157,-1
80,142,-1
194,278,-1
127,3,-1
319,36,-1
147,233,-1
85,60,-1
124,206,-1
284,250,-1
43,186,-1
389,367,-1
306,121,-1
26,198,-1
334,306,-1
119,111,-1
326,284,-1
234,55,-1
218,302,-1
63,92,-1
266,213,-1
341,364,-1
395,172,-1
129,257,-1
82,145,-1
41,91,-1
123,7,-1
