133,112,1
360,249,1
365,105,1
316,248,1
115,98,1
108,226,1
269,152,1
349,322,1
309,147,1
170,368,1
361,381,1
229,15,1
271,144,1
347,74,1
21,297,1
28,204,1
391,236,1
36,188,1
293,297,1
122,394,1
351,140,1
7,7,1
382,199,1
315,112,1
340,393,-1
361,16,-1
136,206,-1
339,118,-1
191,244,-1
48,183,-1
85,276,-1
155,215,-1
393,6,-1
61,255,-1
143,133,-1
354,147,-1
315,75,-1
18,267,-1
270,174,-1
102,220,-1
349,398,-1
265,167,-1
51,399,-1
327,58,-1
315,360,-1
322,375,-1
358,380,-1
9,43,-1
381,28,-1
81,99,-1
363,169,-1
63,161,-1
86,190,-1
31,7,-1
20,339,-1
173,264,-1
200,150,-1
223,341,-1
47,49,-1
394,157,-1
320,285,-1
2,192,-1
199,48,-1
123,184,-1
376,280,-1
217,353,-1
102,288,-1
91,152,-1
363,14,-1
38,205,-1
310,60,-1
46,130,-1
361,29,-1
134,2,-1
160,383,-1
329,354,-1
393,54,-1
230,317,-1
19,10,-1
304,124,-1
