394,40,1
365,319,1
336,149,1
281,68,1
1,157,1
333,278,1
110,60,1
324,206,1
264,250,1
389,121,1
15,306,1
114,290,1
197,284,1
194,213,1
127,63,1
322,364,1
389,77,1
395,151,1
361,107,1
75,351,1
125,261,1
251,57,1
201,77,-1
227,73,-1
106,193,-1
335,322,-1
362,153,-1
318,234,-1
75,142,-1
185,3,-1
26,161,-1
161,36,-1
236,233,-1
130,186,-1
204,358,-1
31,367,-1
125,198,-1
342,111,-1
132,55,-1
62,302,-1
80,92,-1
319,172,-1
147,257,-1
85,145,-1
124,91,-1
284,7,-1
43,228,-1
57,216,-1
306,39,-1
26,120,-1
334,336,-1
119,234,-1
296,76,-1
326,301,-1
234,172,-1
218,120,-1
63,335,-1
266,313,-1
323,204,-1
341,238,-1
129,176,-1
82,295,-1
41,219,-1
123,37,-1
24,126,-1
42,289,-1
391,278,-1
36,51,-1
33,327,-1
370,389,-1
68,328,-1
271,335,-1
197,295,-1
303,355,-1
70,99,-1
129,120,-1
9,352,-1
124,279,-1
101,380,-1
42,87,-1
