117,335,1
251,42,1
195,31,1
9,257,1
277,57,1
314,384,1
193,398,1
88,121,1
333,262,1
265,127,1
115,131,1
197,180,1
99,148,1
243,279,1
285,207,1
31,95,1
183,292,1
290,349,1
389,368,1
172,244,-1
47,273,-1
192,388,-1
323,105,-1
359,376,-1
211,321,-1
242,291,-1
292,358,-1
87,119,-1
70,267,-1
88,82,-1
396,91,-1
39,99,-1
87,53,-1
174,396,-1
337,84,-1
165,203,-1
25,324,-1
72,47,-1
243,356,-1
335,334,-1
338,143,-1
177,227,-1
147,397,-1
147,373,-1
398,341,-1
288,48,-1
265,305,-1
185,69,-1
127,169,-1
32,163,-1
202,197,-1
244,94,-1
151,256,-1
163,369,-1
370,178,-1
28,304,-1
128,387,-1
128,98,-1
53,42,-1
38,201,-1
