348,224,1
56,144,1
125,312,1
22,14,1
59,203,1
117,385,1
221,364,1
384,87,1
187,161,1
120,341,1
274,253,1
184,350,1
227,395,1
312,48,1
221,285,1
278,1,1
260,225,1
388,111,1
261,291,1
388,87,1
290,296,1
247,84,1
240,136,1
61,19,1
366,341,1
170,263,1
382,209,-1
126,290,-1
251,170,-1
65,112,-1
296,157,-1
250,347,-1
241,210,-1
248,64,-1
347,358,-1
238,374,-1
318,210,-1
234,352,-1
380,144,-1
12,215,-1
214,240,-1
129,332,-1
395,22,-1
275,297,-1
119,66,-1
137,102,-1
208,204,-1
49,274,-1
360,373,-1
141,266,-1
58,243,-1
205,22,-1
182,227,-1
63,190,-1
296,326,-1
245,24,-1
355,358,-1
52,296,-1
186,135,-1
128,0,-1
330,173,-1
144,33,-1
239,186,-1
24,226,-1
40,144,-1
328,61,-1
1,226,-1
219,43,-1
108,184,-1
371,113,-1
205,274,-1
114,202,-1
399,43,-1
46,33,-1
230,121,-1
354,43,-1
147,305,-1
169,386,-1
306,305,-1
176,248,-1
