299,96,1
95,76,1
213,138,1
363,168,1
51,81,1
33,97,1
380,343,1
351,311,1
211,123,1
50,59,1
132,273,1
319,158,1
401,250,1
248,255,1
373,27,1
168,361,-1
15,366,-1
72,252,-1
22,83,-1
75,43,-1
360,288,-1
263,26,-1
162,392,-1
75,254,-1
47,296,-1
319,34,-1
287,316,-1
218,137,-1
124,246,-1
116,326,-1
293,86,-1
167,19,-1
195,56,-1
102,385,-1
260,324,-1
359,61,-1
38,125,-1
58,402,-1
255,299,-1
323,308,-1
325,229,-1
88,218,-1
196,224,-1
302,16,-1
121,149,-1
31,43,-1
80,208,-1
52,326,-1
238,202,-1
218,143,-1
207,26,-1
49,295,-1
295,319,-1
136,239,-1
271,148,-1
233,187,-1
392,177,-1
247,356,-1
73,0,-1
185,62,-1
