185,219,1
23,4,1
72,275,1
42,286,1
391,83,1
250,67,1
183,393,1
290,142,1
312,124,1
38,309,1
260,399,1
343,35,1
192,54,1
349,39,1
252,396,1
71,335,1
175,92,-1
196,247,-1
25,224,-1
67,149,-1
211,356,-1
103,67,-1
348,379,-1
398,19,-1
345,33,-1
366,123,-1
218,185,-1
392,229,-1
167,329,-1
68,383,-1
383,130,-1
0,402,-1
75,21,-1
311,119,-1
6,203,-1
275,47,-1
44,272,-1
191,12,-1
325,349,-1
312,107,-1
152,233,-1
112,332,-1
251,323,-1
189,110,-1
201,276,-1
137,315,-1
195,304,-1
72,260,-1
339,299,-1
257,250,-1
400,43,-1
374,215,-1
92,131,-1
279,285,-1
10,136,-1
233,54,-1
291,166,-1
317,373,-1
391,198,-1
151,149,-1
