189,374,1
400,232,1
8,32,1
204,338,1
86,94,1
41,347,1
385,29,1
103,120,1
5,207,1
110,276,1
324,239,1
294,146,1
105,308,1
369,314,1
364,82,1
323,160,1
183,31,1
341,63,1
173,148,1
355,187,-1
206,397,-1
118,235,-1
73,31,-1
228,332,-1
231,172,-1
112,389,-1
158,398,-1
208,175,-1
7,94,-1
399,384,-1
113,135,-1
80,214,-1
27,16,-1
44,64,-1
205,264,-1
203,44,-1
65,126,-1
30,165,-1
125,389,-1
146,233,-1
254,180,-1
377,325,-1
137,210,-1
362,188,-1
210,216,-1
144,225,-1
314,326,-1
256,35,-1
388,367,-1
164,177,-1
361,72,-1
179,160,-1
27,210,-1
287,13,-1
258,220,-1
147,337,-1
274,22,-1
245,372,-1
135,348,-1
356,260,-1
109,243,-1
158,36,-1
190,169,-1
267,276,-1
380,266,-1
387,271,-1
91,380,-1
78,22,-1
289,70,-1
217,393,-1
391,94,-1
16,270,-1
94,194,-1
14,378,-1
287,57,-1
265,147,-1
38,8,-1
303,136,-1
144,121,-1
389,268,-1
