398,48,1
337,308,1
346,232,1
97,182,1
106,91,1
33,295,1
176,176,1
350,216,1
375,368,1
192,324,1
274,300,1
184,400,1
362,235,-1
152,380,-1
249,99,-1
131,219,-1
256,400,-1
277,336,-1
147,160,-1
202,400,-1
363,274,-1
169,331,-1
138,183,-1
119,352,-1
148,223,-1
93,141,-1
26,289,-1
150,242,-1
322,2,-1
258,156,-1
316,36,-1
129,346,-1
69,172,-1
360,176,-1
110,315,-1
152,277,-1
318,113,-1
7,312,-1
171,104,-1
379,285,-1
335,160,-1
293,9,-1
20,33,-1
49,311,-1
383,267,-1
206,212,-1
28,394,-1
54,208,-1
0,76,-1
372,44,-1
165,275,-1
165,120,-1
253,226,-1
174,167,-1
33,178,-1
113,35,-1
1,173,-1
341,242,-1
117,52,-1
375,257,-1
