169,113,1
150,33,1
258,311,1
346,394,1
110,76,1
152,44,1
176,35,1
350,52,1
383,274,1
375,148,1
54,62,1
192,135,1
375,76,1
380,100,1
99,393,1
331,106,1
141,141,1
362,36,-1
152,346,-1
249,232,-1
131,172,-1
256,176,-1
277,315,-1
147,182,-1
202,91,-1
363,277,-1
138,312,-1
119,104,-1
148,295,-1
93,285,-1
398,160,-1
26,176,-1
337,9,-1
322,216,-1
316,267,-1
129,212,-1
69,368,-1
360,208,-1
97,324,-1
106,300,-1
318,275,-1
7,400,-1
171,120,-1
33,226,-1
379,167,-1
335,178,-1
293,173,-1
20,242,-1
49,257,-1
206,2,-1
28,215,-1
0,22,-1
274,32,-1
372,252,-1
165,92,-1
184,316,-1
165,400,-1
253,283,-1
174,309,-1
33,363,-1
113,8,-1
1,276,-1
341,264,-1
117,152,-1
235,19,-1
219,26,-1
400,178,-1
336,60,-1
160,133,-1
400,212,-1
274,351,-1
183,337,-1
352,9,-1
223,32,-1
48,44,-1
289,71,-1
308,348,-1
242,292,-1
2,381,-1
156,200,-1
