15,385,1
95,343,1
213,308,1
47,229,1
319,218,1
363,59,1
359,143,1
58,295,1
323,148,1
196,356,1
50,63,1
132,75,1
207,201,1
49,135,1
73,364,1
252,110,1
83,95,1
96,288,1
392,21,1
138,211,1
316,97,1
137,8,1
246,107,1
326,86,1
168,56,-1
72,324,-1
22,168,-1
299,81,-1
75,61,-1
360,125,-1
263,97,-1
162,402,-1
75,299,-1
287,224,-1
218,16,-1
124,311,-1
116,123,-1
293,149,-1
167,43,-1
195,208,-1
102,326,-1
260,202,-1
51,273,-1
38,158,-1
33,26,-1
380,319,-1
255,239,-1
325,187,-1
88,177,-1
302,250,-1
351,255,-1
211,27,-1
121,0,-1
31,62,-1
80,245,-1
52,92,-1
238,292,-1
218,110,-1
319,50,-1
295,249,-1
136,338,-1
271,385,-1
233,207,-1
392,219,-1
247,238,-1
401,224,-1
248,49,-1
373,296,-1
185,46,-1
361,329,-1
366,78,-1
43,375,-1
288,272,-1
26,58,-1
76,234,-1
254,191,-1
296,348,-1
34,51,-1
86,88,-1
19,367,-1
