172,53,1
323,203,1
251,324,1
211,131,1
292,334,1
87,143,1
88,227,1
396,279,1
87,341,1
337,69,1
165,169,1
25,163,1
115,256,1
243,369,1
177,387,1
285,42,1
398,383,1
265,394,1
31,23,1
290,82,1
128,227,1
128,148,1
53,209,1
389,50,1
335,193,1
388,36,1
376,360,1
119,182,1
47,396,-1
117,121,-1
192,84,-1
195,262,-1
359,47,-1
9,127,-1
277,356,-1
242,180,-1
70,148,-1
314,207,-1
193,397,-1
39,373,-1
174,48,-1
88,305,-1
333,95,-1
72,197,-1
265,94,-1
197,178,-1
335,292,-1
338,304,-1
99,349,-1
243,98,-1
147,368,-1
147,201,-1
288,0,-1
185,370,-1
127,43,-1
32,383,-1
202,187,-1
244,130,-1
151,377,-1
163,98,-1
370,62,-1
183,222,-1
28,123,-1
38,270,-1
244,41,-1
273,58,-1
105,266,-1
42,86,-1
31,43,-1
257,11,-1
321,258,-1
57,307,-1
291,80,-1
358,32,-1
267,128,-1
82,294,-1
91,275,-1
384,174,-1
398,42,-1
99,371,-1
