235,239,1
72,87,1
255,281,1
133,74,1
144,190,1
276,253,1
254,262,1
68,149,1
241,263,1
86,77,1
141,200,1
22,43,1
1,20,1
216,263,1
71,96,1
3,10,1
280,279,1
76,202,1
109,193,1
64,152,1
196,130,1
282,266,1
153,182,1
104,198,1
83,118,1
136,114,1
37,143,-1
203,243,-1
129,302,-1
71,216,-1
237,151,-1
281,183,-1
178,259,-1
252,52,-1
156,2,-1
50,76,-1
215,203,-1
7,75,-1
209,30,-1
264,36,-1
141,301,-1
115,57,-1
121,240,-1
30,210,-1
49,269,-1
43,152,-1
26,148,-1
308,140,-1
297,94,-1
15,60,-1
25,220,-1
226,103,-1
22,194,-1
265,176,-1
195,54,-1
126,15,-1
279,170,-1
155,20,-1
166,278,-1
288,97,-1
266,181,-1
279,10,-1
