117,84,1
192,203,1
251,262,1
88,207,1
87,69,1
174,169,1
88,163,1
165,95,1
72,94,1
265,256,1
115,178,1
243,292,1
99,98,1
185,98,1
127,62,1
202,82,1
244,227,1
151,148,1
163,209,1
128,193,1
53,36,1
57,32,1
119,128,1
267,294,1
91,174,1
172,53,-1
47,121,-1
195,47,-1
9,127,-1
211,131,-1
277,180,-1
242,143,-1
292,148,-1
87,227,-1
70,279,-1
193,48,-1
39,305,-1
25,197,-1
197,304,-1
177,42,-1
243,201,-1
285,0,-1
147,43,-1
147,23,-1
288,187,-1
265,130,-1
32,222,-1
31,123,-1
183,50,-1
28,270,-1
290,41,-1
128,58,-1
38,266,-1
244,86,-1
273,43,-1
105,11,-1
42,258,-1
31,307,-1
257,80,-1
291,182,-1
82,275,-1
99,42,-1
