201,193,1
106,149,1
281,234,1
75,157,1
185,142,1
264,233,1
130,60,1
204,206,1
125,186,1
114,198,1
132,111,1
147,92,1
124,63,1
26,7,1
296,216,1
63,120,1
266,234,1
129,76,1
123,120,1
75,176,1
197,107,1
251,278,1
101,99,1
77,87,1
227,153,-1
1,68,-1
26,278,-1
161,3,-1
236,161,-1
110,36,-1
31,250,-1
15,121,-1
197,306,-1
62,290,-1
80,284,-1
194,55,-1
127,302,-1
85,213,-1
284,172,-1
43,257,-1
57,145,-1
306,91,-1
119,228,-1
234,77,-1
218,39,-1
82,301,-1
41,172,-1
24,204,-1
42,238,-1
36,151,-1
33,295,-1
68,219,-1
271,37,-1
303,126,-1
125,289,-1
70,51,-1
129,295,-1
9,261,-1
124,57,-1
42,120,-1
40,279,-1
73,45,-1
