133,152,1
85,147,1
115,75,1
108,174,1
269,220,1
61,167,1
143,147,1
18,58,1
170,144,1
81,190,1
47,48,1
199,184,1
122,130,1
46,29,1
160,140,1
7,7,1
19,54,1
112,124,1
249,307,1
244,252,1
276,214,1
136,6,-1
191,255,-1
48,133,-1
155,267,-1
270,43,-1
102,15,-1
265,28,-1
51,99,-1
309,169,-1
9,74,-1
229,161,-1
271,7,-1
63,264,-1
86,297,-1
31,150,-1
20,204,-1
173,49,-1
21,157,-1
200,285,-1
28,236,-1
223,192,-1
2,188,-1
36,280,-1
123,288,-1
217,152,-1
102,297,-1
91,14,-1
293,205,-1
38,60,-1
134,2,-1
230,199,-1
304,10,-1
16,112,-1
206,291,-1
118,271,-1
183,246,-1
105,296,-1
248,121,-1
98,232,-1
215,117,-1
226,123,-1
