25,12,1
67,107,1
211,233,1
103,110,1
185,142,1
6,43,1
275,215,1
44,39,1
191,131,1
183,136,1
189,198,1
137,197,1
195,100,1
72,180,1
252,252,1
71,190,1
279,214,1
151,106,1
92,110,1
247,234,1
229,262,1
83,85,1
203,183,1
175,47,-1
196,272,-1
23,124,-1
72,276,-1
42,309,-1
218,35,-1
167,304,-1
68,260,-1
0,299,-1
75,250,-1
250,54,-1
152,285,-1
112,54,-1
251,166,-1
290,149,-1
201,44,-1
38,135,-1
260,209,-1
257,169,-1
192,29,-1
92,282,-1
10,226,-1
233,12,-1
291,134,-1
224,17,-1
149,5,-1
67,49,-1
219,105,-1
19,182,-1
4,175,-1
275,87,-1
33,149,-1
123,260,-1
286,76,-1
185,233,-1
130,225,-1
21,158,-1
119,307,-1
67,247,-1
