15,56,1
72,168,1
75,125,1
213,218,1
124,149,1
167,202,1
38,26,1
88,187,1
196,177,1
302,250,1
211,255,1
31,0,1
80,62,1
132,63,1
207,110,1
49,50,1
136,135,1
271,249,1
247,219,1
248,238,1
252,296,1
96,78,1
296,234,1
86,97,1
168,19,-1
22,81,-1
299,61,-1
263,97,-1
162,299,-1
95,308,-1
75,229,-1
47,224,-1
287,16,-1
218,123,-1
116,43,-1
293,208,-1
195,59,-1
102,273,-1
260,143,-1
51,158,-1
33,295,-1
58,239,-1
255,148,-1
121,27,-1
52,245,-1
238,92,-1
50,292,-1
218,75,-1
295,201,-1
233,207,-1
73,224,-1
185,49,-1
83,46,-1
43,110,-1
288,95,-1
26,288,-1
76,272,-1
254,58,-1
138,21,-1
34,191,-1
137,211,-1
246,51,-1
