122,165,1
87,158,1
252,264,1
164,78,1
44,9,1
183,187,1
56,40,1
136,181,1
243,234,1
126,171,1
207,127,1
95,141,1
145,126,1
240,230,1
151,97,1
114,174,1
190,86,1
181,143,1
240,297,1
107,151,1
51,7,1
174,250,-1
197,54,-1
306,54,-1
58,75,-1
109,31,-1
94,296,-1
294,125,-1
126,53,-1
52,196,-1
0,114,-1
21,131,-1
149,260,-1
201,54,-1
194,252,-1
174,224,-1
30,67,-1
49,150,-1
168,236,-1
161,273,-1
288,27,-1
3,86,-1
98,15,-1
255,0,-1
50,119,-1
217,79,-1
73,308,-1
187,52,-1
176,215,-1
222,49,-1
22,252,-1
190,291,-1
279,148,-1
56,208,-1
198,7,-1
231,179,-1
237,10,-1
199,41,-1
85,259,-1
292,74,-1
59,98,-1
264,52,-1
