112,135,1
80,126,1
203,180,1
146,120,1
254,225,1
137,207,1
41,35,1
210,276,1
103,177,1
144,72,1
256,210,1
287,308,1
294,260,1
105,82,1
109,160,1
267,271,1
91,70,1
78,63,1
217,270,1
303,268,1
144,148,1
173,200,1
187,202,1
206,235,-1
189,232,-1
118,31,-1
73,32,-1
8,172,-1
228,175,-1
231,94,-1
158,214,-1
208,16,-1
7,64,-1
204,264,-1
113,44,-1
27,165,-1
44,94,-1
205,233,-1
65,210,-1
30,188,-1
86,29,-1
125,216,-1
5,160,-1
110,13,-1
164,220,-1
179,239,-1
27,146,-1
258,22,-1
147,243,-1
274,36,-1
245,169,-1
135,276,-1
158,266,-1
190,31,-1
183,22,-1
289,94,-1
16,194,-1
94,57,-1
14,147,-1
287,8,-1
265,136,-1
38,121,-1
