152,91,1
249,277,1
131,113,1
277,295,1
202,160,1
169,176,1
150,208,1
97,120,1
152,167,1
165,92,1
253,283,1
33,8,1
117,152,1
183,60,1
2,44,1
156,71,1
176,148,1
182,62,1
256,104,-1
147,285,-1
138,9,-1
119,33,-1
148,216,-1
93,267,-1
26,212,-1
258,76,-1
129,300,-1
69,44,-1
110,275,-1
106,226,-1
7,178,-1
171,35,-1
33,173,-1
176,242,-1
293,52,-1
20,257,-1
49,274,-1
206,2,-1
28,215,-1
54,148,-1
0,62,-1
192,22,-1
274,135,-1
165,32,-1
184,252,-1
174,309,-1
113,276,-1
1,264,-1
235,76,-1
99,19,-1
219,100,-1
160,26,-1
274,178,-1
223,133,-1
141,212,-1
48,106,-1
289,9,-1
308,32,-1
242,141,-1
36,292,-1
232,200,-1
172,26,-1
