126,209,1
251,290,1
125,144,1
65,170,1
59,14,1
241,210,1
117,87,1
238,210,1
187,144,1
234,215,1
214,297,1
184,66,1
129,102,1
49,22,1
205,190,1
278,296,1
52,33,1
186,111,1
128,186,1
239,226,1
290,296,1
108,184,1
205,113,1
247,274,1
114,84,1
46,43,1
147,121,1
306,305,1
56,224,-1
22,112,-1
296,203,-1
250,157,-1
248,64,-1
221,161,-1
120,253,-1
12,240,-1
274,22,-1
227,204,-1
275,48,-1
119,274,-1
137,266,-1
208,243,-1
141,285,-1
58,227,-1
221,1,-1
182,225,-1
63,24,-1
296,135,-1
260,0,-1
245,173,-1
144,291,-1
261,144,-1
24,87,-1
40,61,-1
1,226,-1
219,43,-1
240,202,-1
230,136,-1
61,33,-1
169,43,-1
170,19,-1
176,263,-1
